% time-domain voltage integration by openEMS v0.0.35-108-gc651cce @Thu May  8 13:38:26 2025
% start-coordinates: (-5.5325e-05,-4.26894e-05,0.00015727) m -> [27,71,46]
% stop-coordinates: (-5.5325e-05,-4.26894e-05,0.00016498) m -> [27,71,74]
% t/s	voltage
0	-0
3.56659078884e-13	-2.17291368926e-09
7.13318157768e-13	-5.28449600745e-09
1.06997723665e-12	-5.53293437455e-09
1.42663631554e-12	1.56452637998e-09
1.78329539442e-12	2.73267173334e-08
2.1399544733e-12	8.89515525682e-08
2.49661355219e-12	2.05302888023e-07
2.85327263107e-12	3.82493718476e-07
3.20993170996e-12	5.88534559753e-07
3.56659078884e-12	7.20887026517e-07
3.92324986772e-12	5.84705334816e-07
4.27990894661e-12	-9.07035919706e-08
4.63656802549e-12	-1.56906587989e-06
4.99322710438e-12	-3.95234805239e-06
5.34988618326e-12	-6.99454827213e-06
5.70654526214e-12	-9.97590043994e-06
6.06320434103e-12	-1.17517649016e-05
6.41986341991e-12	-1.10484703555e-05
6.7765224988e-12	-6.96478049633e-06
7.13318157768e-12	5.01855943469e-07
7.48984065656e-12	1.01680956845e-05
7.84649973545e-12	1.98315249236e-05
8.20315881433e-12	2.69168891123e-05
8.55981789322e-12	2.93802795568e-05
8.9164769721e-12	2.64852919258e-05
9.27313605098e-12	1.90923772152e-05
9.62979512987e-12	9.32314182478e-06
9.98645420875e-12	-2.41252622324e-07
1.03431132876e-11	-7.45860697293e-06
1.06997723665e-11	-1.12409982194e-05
1.10564314454e-11	-1.16822288305e-05
1.14130905243e-11	-9.74059986447e-06
1.17697496032e-11	-6.70241497858e-06
1.21264086821e-11	-3.68916575155e-06
1.24830677609e-11	-1.38078111434e-06
1.28397268398e-11	1.4759842959e-08
1.31963859187e-11	6.24161449636e-07
1.35530449976e-11	7.20158693568e-07
1.39097040765e-11	5.70751577555e-07
1.42663631554e-11	3.62700836476e-07
1.46230222342e-11	1.90286987056e-07
1.49796813131e-11	7.9972939826e-08
1.5336340392e-11	2.30303917048e-08
1.56929994709e-11	2.44026835631e-10
1.60496585498e-11	-5.25930070328e-09
1.64063176287e-11	-4.20027751469e-09
1.67629767075e-11	-2.2409654063e-09
1.71196357864e-11	-2.03039041136e-09
1.74762948653e-11	-2.23148306777e-09
1.78329539442e-11	-2.49110514161e-09
1.81896130231e-11	-2.61196897444e-09
1.8546272102e-11	-2.55690058709e-09
1.89029311809e-11	-2.41706860776e-09
1.92595902597e-11	-2.32200619843e-09
1.96162493386e-11	-2.34254917547e-09
1.99729084175e-11	-2.46006948146e-09
2.03295674964e-11	-2.5945730911e-09
2.06862265753e-11	-2.66848261543e-09
2.10428856542e-11	-2.65995896143e-09
2.1399544733e-11	-2.60533727925e-09
2.17562038119e-11	-2.57109449703e-09
2.21128628908e-11	-2.59762657911e-09
2.24695219697e-11	-2.6752374413e-09
2.28261810486e-11	-2.75665456434e-09
2.31828401275e-11	-2.79808909376e-09
2.35394992063e-11	-2.79526910646e-09
2.38961582852e-11	-2.7757143875e-09
2.42528173641e-11	-2.7655132212e-09
2.4609476443e-11	-2.78783440083e-09
2.49661355219e-11	-2.83382720762e-09
