% time-domain voltage integration by openEMS v0.0.35-108-gc651cce @Thu May  8 13:38:26 2025
% start-coordinates: (-2.7885e-05,-4.26894e-05,0.000155995) m -> [91,71,41]
% stop-coordinates: (-3.1475e-05,-4.26894e-05,0.000155995) m -> [81,71,41]
% t/s	voltage
0	-0
3.56659078884e-13	-5.50861634085e-09
7.13318157768e-13	-6.49992959456e-09
1.06997723665e-12	-5.96785097035e-10
1.42663631554e-12	2.26585317176e-08
1.78329539442e-12	8.1220797199e-08
2.1399544733e-12	1.95503750078e-07
2.49661355219e-12	3.75779737993e-07
2.85327263107e-12	5.95819095395e-07
3.20993170996e-12	7.58650060106e-07
3.56659078884e-12	6.69491786454e-07
3.92324986772e-12	4.61732834189e-08
4.27990894661e-12	-1.40266994464e-06
4.63656802549e-12	-3.81911445402e-06
4.99322710438e-12	-6.99441216057e-06
5.34988618326e-12	-1.02175441725e-05
5.70654526214e-12	-1.22996915479e-05
6.06320434103e-12	-1.18634804949e-05
6.41986341991e-12	-7.87045286188e-06
6.7765224988e-12	-2.0459750516e-07
7.13318157768e-12	9.97377367185e-06
7.48984065656e-12	2.03558460043e-05
7.84649973545e-12	2.81493207694e-05
8.20315881433e-12	3.10617169816e-05
8.55981789322e-12	2.8183120321e-05
8.9164769721e-12	2.03560160799e-05
9.27313605098e-12	9.85058454717e-06
9.62979512987e-12	-5.02391440449e-07
9.98645420875e-12	-8.31724730688e-06
1.03431132876e-11	-1.23632651139e-05
1.06997723665e-11	-1.27305042952e-05
1.10564314454e-11	-1.04859225871e-05
1.14130905243e-11	-7.06972923581e-06
1.17697496032e-11	-3.7343420729e-06
1.21264086821e-11	-1.2281320636e-06
1.24830677609e-11	2.37142927517e-07
1.28397268398e-11	8.25707260788e-07
1.31963859187e-11	8.59248970642e-07
1.35530449976e-11	6.44404639871e-07
1.39097040765e-11	3.881538575e-07
1.42663631554e-11	1.8905819843e-07
1.46230222342e-11	6.88075707522e-08
1.49796813131e-11	1.14117681971e-08
1.5336340392e-11	-8.27692903105e-09
1.56929994709e-11	-1.05570768238e-08
1.60496585498e-11	-7.41055883324e-09
1.64063176287e-11	-4.25588997377e-09
1.67629767075e-11	-3.84346954263e-09
1.71196357864e-11	-4.18600520913e-09
1.74762948653e-11	-4.32621455326e-09
1.78329539442e-11	-4.25518786873e-09
1.81896130231e-11	-4.07567363192e-09
1.8546272102e-11	-3.90833698738e-09
1.89029311809e-11	-3.84814868859e-09
1.92595902597e-11	-3.89932353073e-09
1.96162493386e-11	-3.97749327918e-09
1.99729084175e-11	-4.01523991833e-09
2.03295674964e-11	-3.9789275208e-09
2.06862265753e-11	-3.89009224833e-09
2.10428856542e-11	-3.8138630587e-09
2.1399544733e-11	-3.77265862994e-09
2.17562038119e-11	-3.78629305686e-09
2.21128628908e-11	-3.81580195219e-09
2.24695219697e-11	-3.83028569972e-09
2.28261810486e-11	-3.79142700568e-09
2.31828401275e-11	-3.74132946845e-09
2.35394992063e-11	-3.69044692028e-09
2.38961582852e-11	-3.66776492511e-09
2.42528173641e-11	-3.67208180529e-09
2.4609476443e-11	-3.68253499916e-09
2.49661355219e-11	-3.68081942703e-09
