% time-domain current integration by openEMS v0.0.35-108-gc651cce @Thu May  8 13:38:26 2025
% start-coordinates: (3.805e-06,-4.45724e-05,0.000161037) m -> [156,66,60]
% stop-coordinates: (5.025e-06,-4.12025e-05,0.000161037) m -> [160,75,60]
% t/s	current
2.56220602647e-16	0
3.56915299487e-13	-1.72493909347e-13
7.13574378371e-13	3.75997497026e-12
1.07023345725e-12	6.27215781483e-13
1.42689253614e-12	-5.39260563287e-12
1.78355161502e-12	-1.89552835234e-11
2.14021069391e-12	-4.51290359249e-11
2.49686977279e-12	-8.54750020762e-11
2.85352885167e-12	-1.30289765088e-10
3.21018793056e-12	-1.49144765982e-10
3.56684700944e-12	-8.80293130057e-11
3.92350608833e-12	1.22564514093e-10
4.28016516721e-12	5.35379129918e-10
4.63682424609e-12	1.1339974515e-09
4.99348332498e-12	1.77743275653e-09
5.35014240386e-12	2.18302509403e-09
5.70680148275e-12	1.98624272585e-09
6.06346056163e-12	8.92451279544e-10
6.42011964052e-12	-1.12534359609e-09
6.7767787194e-12	-3.68030539377e-09
7.13343779828e-12	-5.99449201388e-09
7.49009687717e-12	-7.13993575374e-09
7.84675595605e-12	-6.43404129974e-09
8.20341503494e-12	-3.80301301561e-09
8.56007411382e-12	8.55978204983e-11
8.9167331927e-12	4.03695432638e-09
9.27339227159e-12	6.80477407755e-09
9.63005135047e-12	7.6049815334e-09
9.98671042936e-12	6.40955732933e-09
1.03433695082e-11	3.88454424183e-09
1.07000285871e-11	1.03386110784e-09
1.1056687666e-11	-1.24357302234e-09
1.14133467449e-11	-2.46798936843e-09
1.17700058238e-11	-2.64299915287e-09
1.21266649027e-11	-2.10813611012e-09
1.24833239815e-11	-1.30086952321e-09
1.28399830604e-11	-5.65006430531e-10
1.31966421393e-11	-6.82770992522e-11
1.35533012182e-11	1.74841627287e-10
1.39099602971e-11	2.34415070688e-10
1.4266619376e-11	1.96035604416e-10
1.46232784548e-11	1.25614296742e-10
1.49799375337e-11	6.06154154648e-11
1.53365966126e-11	1.61632339457e-11
1.56932556915e-11	-5.48994140079e-12
1.60499147704e-11	-9.6352249096e-12
1.64065738493e-11	-5.13348044628e-12
1.67632329282e-11	5.13427597963e-14
1.7119892007e-11	3.04880903509e-12
1.74765510859e-11	-1.99364518492e-13
1.78332101648e-11	-4.58744804296e-12
1.81898692437e-11	-6.18729850341e-12
1.85465283226e-11	-4.31789153044e-12
1.89031874015e-11	-7.23599674103e-13
1.92598464803e-11	1.94661669596e-12
1.96165055592e-11	2.17058315766e-12
1.99731646381e-11	4.15860244461e-13
2.0329823717e-11	-1.56589021263e-12
2.06864827959e-11	-2.34328680591e-12
2.10431418748e-11	-1.53324065683e-12
2.13998009536e-11	1.05624893326e-13
2.17564600325e-11	1.22282912962e-12
2.21131191114e-11	1.25727737683e-12
2.24697781903e-11	1.59715123071e-13
2.28264372692e-11	-9.65941736319e-13
2.31830963481e-11	-1.39396740678e-12
2.35397554269e-11	-9.38389448611e-13
2.38964145058e-11	-9.89590557394e-14
2.42530735847e-11	4.15757868671e-13
2.46097326636e-11	3.16128118691e-13
2.49663917425e-11	-2.28035499554e-13
