% time-domain voltage integration by openEMS v0.0.35-108-gc651cce @Thu May  8 13:38:26 2025
% start-coordinates: (-2.3275e-05,-4.26894e-05,0.000155995) m -> [101,71,41]
% stop-coordinates: (-1.9205e-05,-4.26894e-05,0.000155995) m -> [111,71,41]
% t/s	voltage
0	-0
3.56659078884e-13	-3.95285461264e-11
7.13318157768e-13	-1.25072178742e-10
1.06997723665e-12	7.4975261416e-10
1.42663631554e-12	2.20217788449e-09
1.78329539442e-12	5.20155923889e-09
2.1399544733e-12	9.59048529481e-09
2.49661355219e-12	1.43892474602e-08
2.85327263107e-12	1.61065738524e-08
3.20993170996e-12	8.96580326648e-09
3.56659078884e-12	-1.45366155779e-08
3.92324986772e-12	-5.97000147096e-08
4.27990894661e-12	-1.24614750519e-07
4.63656802549e-12	-1.94155508559e-07
4.99322710438e-12	-2.38584656032e-07
5.34988618326e-12	-2.19877700047e-07
5.70654526214e-12	-1.07388150372e-07
6.06320434103e-12	1.02268247204e-07
6.41986341991e-12	3.70404993788e-07
6.7765224988e-12	6.18666366137e-07
7.13318157768e-12	7.52912104218e-07
7.48984065656e-12	7.02086484949e-07
7.84649973545e-12	4.54461510202e-07
8.20315881433e-12	7.12520924484e-08
8.55981789322e-12	-3.32763352873e-07
8.9164769721e-12	-6.34192108606e-07
9.27313605098e-12	-7.50696717233e-07
9.62979512987e-12	-6.7050103425e-07
9.98645420875e-12	-4.4933123533e-07
1.03431132876e-11	-1.79201891548e-07
1.06997723665e-11	5.25440839727e-08
1.10564314454e-11	1.93715646191e-07
1.14130905243e-11	2.36332434511e-07
1.17697496032e-11	2.05591417668e-07
1.21264086821e-11	1.39745596428e-07
1.24830677609e-11	7.20205659555e-08
1.28397268398e-11	2.1559778407e-08
1.31963859187e-11	-6.65474494954e-09
1.35530449976e-11	-1.67272379281e-08
1.39097040765e-11	-1.59866671012e-08
1.42663631554e-11	-1.09468504261e-08
1.46230222342e-11	-5.73074268595e-09
1.49796813131e-11	-2.16666930231e-09
1.5336340392e-11	-4.28934807811e-10
1.56929994709e-11	3.10553303993e-11
1.60496585498e-11	-6.62166176925e-11
1.64063176287e-11	-1.81787192938e-10
1.67629767075e-11	-2.70123734145e-10
1.71196357864e-11	-7.21729173821e-11
1.74762948653e-11	7.30988737423e-11
1.78329539442e-11	3.42676347367e-11
1.81896130231e-11	-1.16550481939e-10
1.8546272102e-11	-2.45430387819e-10
1.89029311809e-11	-2.67021514275e-10
1.92595902597e-11	-1.88127401678e-10
1.96162493386e-11	-7.9596508204e-11
1.99729084175e-11	-9.59311037725e-12
2.03295674964e-11	-1.78254033712e-11
2.06862265753e-11	-7.78754812372e-11
2.10428856542e-11	-1.39262431448e-10
2.1399544733e-11	-1.47567917087e-10
2.17562038119e-11	-1.06480287261e-10
2.21128628908e-11	-4.93046348107e-11
2.24695219697e-11	-2.53874405222e-11
2.28261810486e-11	-3.19280405066e-11
2.31828401275e-11	-6.26406006059e-11
2.35394992063e-11	-9.2699768868e-11
2.38961582852e-11	-9.473727575e-11
2.42528173641e-11	-7.26837956141e-11
2.4609476443e-11	-3.8640456286e-11
2.49661355219e-11	-1.86742159279e-11
