% time-domain current integration by openEMS v0.0.35-108-gc651cce @Thu May  8 13:38:26 2025
% start-coordinates: (-2.154e-05,-5.22762e-05,0.00015527) m -> [105,45,39]
% stop-coordinates: (-2.154e-05,-3.34025e-05,0.00015624) m -> [105,97,42]
% t/s	current
2.56220602647e-16	0
3.56915299487e-13	2.44741813621e-12
7.13574378371e-13	2.44283586415e-12
1.07023345725e-12	-1.35918255817e-11
1.42689253614e-12	-4.13740985916e-11
1.78355161502e-12	-9.8190275355e-11
2.14021069391e-12	-1.82587556186e-10
2.49686977279e-12	-2.72793398981e-10
2.85352885167e-12	-3.04689495856e-10
3.21018793056e-12	-1.67016275809e-10
3.56684700944e-12	2.80848594381e-10
3.92350608833e-12	1.13974762961e-09
4.28016516721e-12	2.3709425534e-09
4.63682424609e-12	3.68530339578e-09
4.99348332498e-12	4.51542048197e-09
5.35014240386e-12	4.14117984349e-09
5.70680148275e-12	1.98467997592e-09
6.06346056163e-12	-2.00933647498e-09
6.42011964052e-12	-7.0954548903e-09
6.7767787194e-12	-1.17779004327e-08
7.13343779828e-12	-1.42702667461e-08
7.49009687717e-12	-1.32351196669e-08
7.84675595605e-12	-8.47066594645e-09
8.20341503494e-12	-1.16409593076e-09
8.56007411382e-12	6.4890204321e-09
8.9167331927e-12	1.21481331661e-08
9.27339227159e-12	1.4267180326e-08
9.63005135047e-12	1.2651566017e-08
9.98671042936e-12	8.38780422896e-09
1.03433695082e-11	3.23854010276e-09
1.07000285871e-11	-1.13913900535e-09
1.1056687666e-11	-3.76961928339e-09
1.14133467449e-11	-4.52243131832e-09
1.17700058238e-11	-3.89381238364e-09
1.21266649027e-11	-2.61810439994e-09
1.24833239815e-11	-1.32633182215e-09
1.28399830604e-11	-3.75078190729e-10
1.31966421393e-11	1.48834486402e-10
1.35533012182e-11	3.29013871703e-10
1.39099602971e-11	3.06968034325e-10
1.4266619376e-11	2.07260070217e-10
1.46232784548e-11	1.06542552558e-10
1.49799375337e-11	3.85814678816e-11
1.53365966126e-11	6.2399881269e-12
1.56932556915e-11	-1.78688574354e-12
1.60499147704e-11	4.3904853711e-13
1.64065738493e-11	3.05598645348e-12
1.67632329282e-11	4.95736828324e-12
1.7119892007e-11	1.0451951804e-12
1.74765510859e-11	-1.76688785131e-12
1.78332101648e-11	-1.22947745734e-12
1.81898692437e-11	1.71717891642e-12
1.85465283226e-11	4.38131518912e-12
1.89031874015e-11	4.87879138131e-12
1.92598464803e-11	3.38217778437e-12
1.96165055592e-11	1.129492333e-12
1.99731646381e-11	-1.46708166449e-13
2.0329823717e-11	8.88867972282e-14
2.06864827959e-11	1.28546001968e-12
2.10431418748e-11	2.47300140435e-12
2.13998009536e-11	2.58832278527e-12
2.17564600325e-11	1.8916877613e-12
2.21131191114e-11	7.74080018834e-13
2.24697781903e-11	2.09347946964e-13
2.28264372692e-11	3.70844631045e-13
2.31830963481e-11	9.09979556984e-13
2.35397554269e-11	1.50275430121e-12
2.38964145058e-11	1.59691097151e-12
2.42530735847e-11	1.12434258952e-12
2.46097326636e-11	5.59667980363e-13
2.49663917425e-11	2.06240840378e-13
