% time-domain current integration by openEMS v0.0.35-108-gc651cce @Thu May  8 13:38:26 2025
% start-coordinates: (-5.6005e-05,-4.45724e-05,0.000161037) m -> [25,66,60]
% stop-coordinates: (-5.4785e-05,-4.12025e-05,0.000161037) m -> [29,75,60]
% t/s	current
2.56220602647e-16	0
3.56915299487e-13	4.61952906483e-11
7.13574378371e-13	1.06470707251e-10
1.07023345725e-12	1.09896057532e-10
1.42689253614e-12	-3.71925754084e-11
1.78355161502e-12	-5.63978086454e-10
2.14021069391e-12	-1.81580706027e-09
2.49686977279e-12	-4.16936574155e-09
2.85352885167e-12	-7.73649677654e-09
3.21018793056e-12	-1.18541132466e-08
3.56684700944e-12	-1.44354297404e-08
3.92350608833e-12	-1.15431531e-08
4.28016516721e-12	2.2570303404e-09
4.63682424609e-12	3.22093924865e-08
4.99348332498e-12	8.02436161962e-08
5.35014240386e-12	1.41255611652e-07
5.70680148275e-12	2.0064032924e-07
6.06346056163e-12	2.35366130141e-07
6.42011964052e-12	2.19998952389e-07
6.7767787194e-12	1.36791427963e-07
7.13343779828e-12	-1.38349189882e-08
7.49009687717e-12	-2.07701290833e-07
7.84675595605e-12	-4.00426330316e-07
8.20341503494e-12	-5.40528390047e-07
8.56007411382e-12	-5.87543183883e-07
8.9167331927e-12	-5.27408758444e-07
9.27339227159e-12	-3.77993274014e-07
9.63005135047e-12	-1.82125660331e-07
9.98671042936e-12	8.56880699729e-09
1.03433695082e-11	1.51593638975e-07
1.07000285871e-11	2.25707054824e-07
1.1056687666e-11	2.33251739701e-07
1.14133467449e-11	1.93659218439e-07
1.17700058238e-11	1.32682927756e-07
1.21266649027e-11	7.2605601531e-08
1.24833239815e-11	2.68139874748e-08
1.28399830604e-11	-7.14230674603e-10
1.31966421393e-11	-1.26174857229e-08
1.35533012182e-11	-1.43769973704e-08
1.39099602971e-11	-1.13292655257e-08
1.4266619376e-11	-7.16864612116e-09
1.46232784548e-11	-3.74473030362e-09
1.49799375337e-11	-1.56455570721e-09
1.53365966126e-11	-4.44614012274e-10
1.56932556915e-11	3.22901427818e-13
1.60499147704e-11	1.0556584773e-10
1.64065738493e-11	8.30259472284e-11
1.67632329282e-11	4.4405031735e-11
1.7119892007e-11	4.06119408936e-11
1.74765510859e-11	4.47152592731e-11
1.78332101648e-11	4.99225626116e-11
1.81898692437e-11	5.22804230463e-11
1.85465283226e-11	5.10304264123e-11
1.89031874015e-11	4.82255554934e-11
1.92598464803e-11	4.6395179365e-11
1.96165055592e-11	4.68853289526e-11
1.99731646381e-11	4.91943638603e-11
2.0329823717e-11	5.19349355188e-11
2.06864827959e-11	5.33123128976e-11
2.10431418748e-11	5.31447733043e-11
2.13998009536e-11	5.20542046967e-11
2.17564600325e-11	5.13856526774e-11
2.21131191114e-11	5.20094904644e-11
2.24697781903e-11	5.35324111428e-11
2.28264372692e-11	5.52118593899e-11
2.31830963481e-11	5.59720880755e-11
2.35397554269e-11	5.59027095448e-11
2.38964145058e-11	5.54922705009e-11
2.42530735847e-11	5.52956465338e-11
2.46097326636e-11	5.56979427857e-11
2.49663917425e-11	5.67124229522e-11
