% time-domain voltage integration by openEMS v0.0.35-108-gc651cce @Thu May  8 13:38:26 2025
% start-coordinates: (4.485e-06,-4.26894e-05,0.00015727) m -> [158,71,46]
% stop-coordinates: (4.485e-06,-4.26894e-05,0.00016498) m -> [158,71,74]
% t/s	voltage
0	-0
3.56659078884e-13	2.83976696325e-11
7.13318157768e-13	-1.92942979302e-10
1.06997723665e-12	-2.65515340291e-11
1.42663631554e-12	2.66339300441e-10
1.78329539442e-12	9.17250964419e-10
2.1399544733e-12	2.21661623778e-09
2.49661355219e-12	4.21906519443e-09
2.85327263107e-12	6.46549191963e-09
3.20993170996e-12	7.45355277498e-09
3.56659078884e-12	4.52539503093e-09
3.92324986772e-12	-5.79790210287e-09
4.27990894661e-12	-2.61868051132e-08
4.63656802549e-12	-5.59126619448e-08
4.99322710438e-12	-8.81143999987e-08
5.34988618326e-12	-1.08802809651e-07
5.70654526214e-12	-9.97966680405e-08
6.06320434103e-12	-4.62145135494e-08
6.41986341991e-12	5.3661638022e-08
6.7765224988e-12	1.8099373511e-07
7.13318157768e-12	2.97265441596e-07
7.48984065656e-12	3.56117682898e-07
7.84649973545e-12	3.22995756363e-07
8.20315881433e-12	1.93462936338e-07
8.55981789322e-12	9.74119391921e-11
8.9164769721e-12	-1.9778401894e-07
9.27313605098e-12	-3.37731236755e-07
9.62979512987e-12	-3.79920280125e-07
9.98645420875e-12	-3.22098438588e-07
1.03431132876e-11	-1.96939053065e-07
1.06997723665e-11	-5.44531004731e-08
1.10564314454e-11	6.01948744183e-08
1.14130905243e-11	1.22497373578e-07
1.17697496032e-11	1.32205149495e-07
1.21264086821e-11	1.06014025114e-07
1.24830677609e-11	6.57983296737e-08
1.28397268398e-11	2.8866245616e-08
1.31963859187e-11	3.79391167094e-09
1.35530449976e-11	-8.58085319466e-09
1.39097040765e-11	-1.16961358376e-08
1.42663631554e-11	-9.84494324952e-09
1.46230222342e-11	-6.34279453959e-09
1.49796813131e-11	-3.08248310904e-09
1.5336340392e-11	-8.42260811443e-10
1.56929994709e-11	2.5965318784e-10
1.60496585498e-11	4.86745707975e-10
1.64063176287e-11	2.61825847461e-10
1.67629767075e-11	3.51259551502e-12
1.71196357864e-11	-1.54073388162e-10
1.74762948653e-11	6.30645169875e-12
1.78329539442e-11	2.21843973747e-10
1.81896130231e-11	3.08020521415e-10
1.8546272102e-11	2.21593653149e-10
1.89029311809e-11	4.15374178196e-11
1.92595902597e-11	-9.38563287419e-11
1.96162493386e-11	-1.11106044937e-10
1.99729084175e-11	-2.52369055016e-11
2.03295674964e-11	7.64696667533e-11
2.06862265753e-11	1.17473831227e-10
2.10428856542e-11	7.84237776715e-11
2.1399544733e-11	-3.95289191292e-12
2.17562038119e-11	-6.27210880889e-11
2.21128628908e-11	-6.37621802146e-11
2.24695219697e-11	-1.14180143476e-11
2.28261810486e-11	4.79380246436e-11
2.31828401275e-11	6.93994052763e-11
2.35394992063e-11	4.88454648907e-11
2.38961582852e-11	5.48920330983e-12
2.42528173641e-11	-2.01862150584e-11
2.4609476443e-11	-1.67105165426e-11
2.49661355219e-11	1.10547478832e-11
