% time-domain current integration by openEMS v0.0.35-108-gc651cce @Thu May  8 13:38:26 2025
% start-coordinates: (-2.998e-05,-5.22762e-05,0.00015527) m -> [85,45,39]
% stop-coordinates: (-2.998e-05,-3.34025e-05,0.00015624) m -> [85,97,42]
% t/s	current
2.56220602647e-16	-0
3.56915299487e-13	-1.0462014588e-10
7.13574378371e-13	-1.04408072465e-10
1.07023345725e-12	5.17772005826e-11
1.42689253614e-12	6.05214434124e-10
1.78355161502e-12	1.89987803267e-09
2.14021069391e-12	4.30791979866e-09
2.49686977279e-12	7.90740006806e-09
2.85352885167e-12	1.19654828268e-08
3.21018793056e-12	1.43009284415e-08
3.56684700944e-12	1.09002638027e-08
3.92350608833e-12	-3.64666274955e-09
4.28016516721e-12	-3.43644011025e-08
4.63682424609e-12	-8.27353261457e-08
4.99348332498e-12	-1.43077315329e-07
5.35014240386e-12	-2.0035270154e-07
5.70680148275e-12	-2.31621115176e-07
6.06346056163e-12	-2.12335990568e-07
6.42011964052e-12	-1.26355047314e-07
6.7767787194e-12	2.41371207466e-08
7.13343779828e-12	2.13931031112e-07
7.49009687717e-12	3.99135700491e-07
7.84675595605e-12	5.30450847691e-07
8.20341503494e-12	5.70578265524e-07
8.56007411382e-12	5.0825406106e-07
8.9167331927e-12	3.62434576573e-07
9.27339227159e-12	1.74749615667e-07
9.63005135047e-12	-6.14951822797e-09
9.98671042936e-12	-1.41157514122e-07
1.03433695082e-11	-2.113876576e-07
1.07000285871e-11	-2.19668763179e-07
1.1056687666e-11	-1.84176727203e-07
1.14133467449e-11	-1.28529677568e-07
1.17700058238e-11	-7.30418605599e-08
1.21266649027e-11	-2.99976683493e-08
1.24833239815e-11	-3.27036797643e-09
1.28399830604e-11	9.20228693246e-09
1.31966421393e-11	1.2121037507e-08
1.35533012182e-11	1.02068939967e-08
1.39099602971e-11	6.8452949975e-09
1.4266619376e-11	3.8420222559e-09
1.46232784548e-11	1.80138004513e-09
1.49799375337e-11	6.66579624831e-10
1.53365966126e-11	1.48928383514e-10
1.56932556915e-11	-3.13320827616e-11
1.60499147704e-11	-6.24507806579e-11
1.64065738493e-11	-4.92432553068e-11
1.67632329282e-11	-5.73193020825e-11
1.7119892007e-11	-5.03278009545e-11
1.74765510859e-11	-4.7724345309e-11
1.78332101648e-11	-4.91307688977e-11
1.81898692437e-11	-5.271752479e-11
1.85465283226e-11	-5.60379936898e-11
1.89031874015e-11	-5.71166829111e-11
1.92598464803e-11	-5.61961657763e-11
1.96165055592e-11	-5.45935345542e-11
1.99731646381e-11	-5.39228314778e-11
2.0329823717e-11	-5.45027079024e-11
2.06864827959e-11	-5.61665922105e-11
2.10431418748e-11	-5.78310906107e-11
2.13998009536e-11	-5.85985426849e-11
2.17564600325e-11	-5.83202722226e-11
2.21131191114e-11	-5.76530767571e-11
2.24697781903e-11	-5.75548636528e-11
2.28264372692e-11	-5.81979325842e-11
2.31830963481e-11	-5.92310436809e-11
2.35397554269e-11	-6.02257479998e-11
2.38964145058e-11	-6.06525038527e-11
2.42530735847e-11	-6.06458702701e-11
2.46097326636e-11	-6.04349695288e-11
2.49663917425e-11	-6.04721273056e-11
