% time-domain current integration by openEMS v0.0.35-108-gc651cce @Thu May  8 13:17:54 2025
% start-coordinates: (-2.154e-05,-5.22762e-05,0.00015527) m -> [105,45,39]
% stop-coordinates: (-2.154e-05,-3.34025e-05,0.00015624) m -> [105,97,42]
% t/s	current
2.56220602647e-16	0
3.56915299487e-13	2.36376402393e-16
7.13574378371e-13	1.05456691556e-12
1.07023345725e-12	2.34988623612e-13
1.42689253614e-12	-1.39826518419e-12
1.78355161502e-12	-5.26295847181e-12
2.14021069391e-12	-1.26956258006e-11
2.49686977279e-12	-2.39866043694e-11
2.85352885167e-12	-3.66364508175e-11
3.21018793056e-12	-4.20261672684e-11
3.56684700944e-12	-2.50611822961e-11
3.92350608833e-12	3.39994594978e-11
4.28016516721e-12	1.49987522402e-10
4.63682424609e-12	3.18432363811e-10
4.99348332498e-12	4.99802199627e-10
5.35014240386e-12	6.14609363403e-10
5.70680148275e-12	5.60036350628e-10
6.06346056163e-12	2.53075282952e-10
6.42011964052e-12	-3.14148873581e-10
6.7767787194e-12	-1.03303710031e-09
7.13343779828e-12	-1.68473857087e-09
7.49009687717e-12	-2.00807748207e-09
7.84675595605e-12	-1.810942174e-09
8.20341503494e-12	-1.07218789402e-09
8.56007411382e-12	2.05840622325e-11
8.9167331927e-12	1.13145559588e-09
9.27339227159e-12	1.91010629536e-09
9.63005135047e-12	2.13612660893e-09
9.98671042936e-12	1.80146131346e-09
1.03433695082e-11	1.09306552698e-09
1.07000285871e-11	2.93000235185e-10
1.1056687666e-11	-3.46644435378e-10
1.14133467449e-11	-6.90931700742e-10
1.17700058238e-11	-7.40918160158e-10
1.21266649027e-11	-5.91616644563e-10
1.24833239815e-11	-3.6569869355e-10
1.28399830604e-11	-1.59459223603e-10
1.31966421393e-11	-2.00007128914e-11
1.35533012182e-11	4.85298468078e-11
1.39099602971e-11	6.54996681893e-11
1.4266619376e-11	5.49038176034e-11
1.46232784548e-11	3.52226754707e-11
1.49799375337e-11	1.69931031052e-11
1.53365966126e-11	4.52891066663e-12
1.56932556915e-11	-1.51808220942e-12
1.60499147704e-11	-2.67798457021e-12
1.64065738493e-11	-1.38102420125e-12
1.67632329282e-11	5.27870932729e-14
1.7119892007e-11	8.5744139653e-13
1.74765510859e-11	-8.82158929238e-14
1.78332101648e-11	-1.30151336757e-12
1.81898692437e-11	-1.75017736848e-12
1.85465283226e-11	-1.19354049213e-12
1.89031874015e-11	-1.77265537318e-13
1.92598464803e-11	5.45429803753e-13
1.96165055592e-11	6.06554520152e-13
1.99731646381e-11	9.33195578104e-14
2.0329823717e-11	-4.46873549449e-13
2.06864827959e-11	-6.61775430462e-13
2.10431418748e-11	-4.16931896993e-13
2.13998009536e-11	5.44913506678e-14
2.17564600325e-11	3.80924675483e-13
2.21131191114e-11	3.50960146361e-13
2.24697781903e-11	3.95479005447e-14
2.28264372692e-11	-2.91801847442e-13
2.31830963481e-11	-3.79161871171e-13
2.35397554269e-11	-2.38070522497e-13
2.38964145058e-11	-1.43954943452e-14
2.42530735847e-11	1.18152883311e-13
2.46097326636e-11	1.02164262293e-13
2.49663917425e-11	-5.7839150136e-14
2.53230508214e-11	-2.32375696376e-13
2.56797099003e-11	-2.91285496157e-13
2.60363689791e-11	-2.34947152879e-13
