% time-domain voltage integration by openEMS v0.0.35-108-gc651cce @Thu May  8 13:17:54 2025
% start-coordinates: (-2.7885e-05,-4.26894e-05,0.000155995) m -> [91,71,41]
% stop-coordinates: (-3.1475e-05,-4.26894e-05,0.000155995) m -> [81,71,41]
% t/s	voltage
0	-0
3.56659078884e-13	-6.11055268884e-10
7.13318157768e-13	-1.47824637253e-09
1.06997723665e-12	-1.56212434654e-09
1.42663631554e-12	4.12839287062e-10
1.78329539442e-12	7.57775853177e-09
2.1399544733e-12	2.47232534445e-08
2.49661355219e-12	5.71537346339e-08
2.85327263107e-12	1.06588191606e-07
3.20993170996e-12	1.64194443819e-07
3.56659078884e-12	2.01414213308e-07
3.92324986772e-12	1.63898831396e-07
4.27990894661e-12	-2.39577440109e-08
4.63656802549e-12	-4.35926569509e-07
4.99322710438e-12	-1.10079906079e-06
5.34988618326e-12	-1.95029373629e-06
5.70654526214e-12	-2.7837385943e-06
6.06320434103e-12	-3.28152648876e-06
6.41986341991e-12	-3.08765677914e-06
6.7765224988e-12	-1.94973422651e-06
7.13318157768e-12	1.33783405687e-07
7.48984065656e-12	2.83300994397e-06
7.84649973545e-12	5.53293293137e-06
8.20315881433e-12	7.51385357489e-06
8.55981789322e-12	8.20410991764e-06
8.9164769721e-12	7.39725874155e-06
9.27313605098e-12	5.33323174068e-06
9.62979512987e-12	2.60466450186e-06
9.98645420875e-12	-6.70660491586e-08
1.03431132876e-11	-2.0831892158e-06
1.06997723665e-11	-3.13957841058e-06
1.10564314454e-11	-3.26245290694e-06
1.14130905243e-11	-2.71969757648e-06
1.17697496032e-11	-1.87082120817e-06
1.21264086821e-11	-1.02918602352e-06
1.24830677609e-11	-3.84675253429e-07
1.28397268398e-11	4.75036711356e-09
1.31963859187e-11	1.74613429493e-07
1.35530449976e-11	2.01180778703e-07
1.39097040765e-11	1.59320807214e-07
1.42663631554e-11	1.01175781531e-07
1.46230222342e-11	5.30375836583e-08
1.49796813131e-11	2.22570823993e-08
1.5336340392e-11	6.38903391303e-09
1.56929994709e-11	4.85080802024e-11
1.60496585498e-11	-1.47133732975e-09
1.64063176287e-11	-1.16781077864e-09
1.67629767075e-11	-6.17698919791e-10
1.71196357864e-11	-5.62662770542e-10
1.74762948653e-11	-6.23792812543e-10
1.78329539442e-11	-6.97489156709e-10
1.81896130231e-11	-7.29608290451e-10
1.8546272102e-11	-7.11827680133e-10
1.89029311809e-11	-6.69902987249e-10
1.92595902597e-11	-6.45093086588e-10
1.96162493386e-11	-6.51912589883e-10
1.99729084175e-11	-6.87770673746e-10
2.03295674964e-11	-7.24246086714e-10
2.06862265753e-11	-7.43772265999e-10
2.10428856542e-11	-7.4013003365e-10
2.1399544733e-11	-7.25509513577e-10
2.17562038119e-11	-7.15782939864e-10
2.21128628908e-11	-7.24799636975e-10
2.24695219697e-11	-7.47280778923e-10
2.28261810486e-11	-7.70250252469e-10
2.31828401275e-11	-7.81609485467e-10
2.35394992063e-11	-7.79859885003e-10
2.38961582852e-11	-7.73602765181e-10
2.42528173641e-11	-7.70892023827e-10
2.4609476443e-11	-7.78937379875e-10
2.49661355219e-11	-7.92241612591e-10
2.53227946008e-11	-8.03746770528e-10
2.56794536796e-11	-8.12720897525e-10
2.60361127585e-11	-8.13286778201e-10
