% time-domain voltage integration by openEMS v0.0.35-108-gc651cce @Thu May  8 13:17:54 2025
% start-coordinates: (-5.5325e-05,-4.26894e-05,0.00015727) m -> [27,71,46]
% stop-coordinates: (-5.5325e-05,-4.26894e-05,0.00016498) m -> [27,71,74]
% t/s	voltage
0	-0
3.56659078884e-13	-1.57286682984e-09
7.13318157768e-13	-1.47994362945e-09
1.06997723665e-12	7.71644095843e-10
1.42663631554e-12	8.71332511698e-09
1.78329539442e-12	2.73131453565e-08
2.1399544733e-12	6.17801674263e-08
2.49661355219e-12	1.13179625894e-07
2.85327263107e-12	1.70857879844e-07
3.20993170996e-12	2.03478640159e-07
3.56659078884e-12	1.53530320013e-07
3.92324986772e-12	-5.61581634528e-08
4.27990894661e-12	-4.96745768075e-07
4.63656802549e-12	-1.18813490246e-06
4.99322710438e-12	-2.04741124321e-06
5.34988618326e-12	-2.85819997714e-06
5.70654526214e-12	-3.29247289699e-06
6.06320434103e-12	-3.00151872779e-06
6.41986341991e-12	-1.75924076018e-06
6.7765224988e-12	3.97041842071e-07
7.13318157768e-12	3.10175028062e-06
7.48984065656e-12	5.72580391633e-06
7.84649973545e-12	7.56807139624e-06
8.20315881433e-12	8.10381234828e-06
8.55981789322e-12	7.18244761799e-06
8.9164769721e-12	5.08343623551e-06
9.27313605098e-12	2.40496648729e-06
9.62979512987e-12	-1.60654974213e-07
9.98645420875e-12	-2.06218373933e-06
1.03431132876e-11	-3.03842770677e-06
1.06997723665e-11	-3.13630484783e-06
1.10564314454e-11	-2.6180583319e-06
1.14130905243e-11	-1.82002118976e-06
1.17697496032e-11	-1.02931100443e-06
1.21264086821e-11	-4.18213148556e-07
1.24830677609e-11	-3.99463846446e-08
1.28397268398e-11	1.35756412334e-07
1.31963859187e-11	1.75968147609e-07
1.35530449976e-11	1.47726784139e-07
1.39097040765e-11	9.9077156257e-08
1.42663631554e-11	5.56781453165e-08
1.46230222342e-11	2.61302241511e-08
1.49796813131e-11	9.6143914774e-09
1.5336340392e-11	1.99711791549e-09
1.56929994709e-11	-7.36356751616e-10
1.60496585498e-11	-1.27900579711e-09
1.64063176287e-11	-1.14086294578e-09
1.67629767075e-11	-1.24657879158e-09
1.71196357864e-11	-1.11293053245e-09
1.74762948653e-11	-1.04523090183e-09
1.78329539442e-11	-1.06154074767e-09
1.81896130231e-11	-1.12891362578e-09
1.8546272102e-11	-1.18822375897e-09
1.89029311809e-11	-1.20038947532e-09
1.92595902597e-11	-1.1581763916e-09
1.96162493386e-11	-1.10058325994e-09
1.99729084175e-11	-1.0648650503e-09
2.03295674964e-11	-1.06488782375e-09
2.06862265753e-11	-1.0883362267e-09
2.10428856542e-11	-1.10758528737e-09
2.1399544733e-11	-1.10351584467e-09
2.17562038119e-11	-1.07444588643e-09
2.21128628908e-11	-1.03912645502e-09
2.24695219697e-11	-1.01701047583e-09
2.28261810486e-11	-1.01676870395e-09
2.31828401275e-11	-1.03076399152e-09
2.35394992063e-11	-1.04151226879e-09
2.38961582852e-11	-1.03818451058e-09
2.42528173641e-11	-1.02434159419e-09
2.4609476443e-11	-1.00836078376e-09
2.49661355219e-11	-9.99087847176e-10
2.53227946008e-11	-1.00120605209e-09
2.56794536796e-11	-1.00821080651e-09
2.60361127585e-11	-1.01436882505e-09
