% time-domain voltage integration by openEMS v0.0.35-108-gc651cce @Thu May  8 13:17:54 2025
% start-coordinates: (-2.3275e-05,-4.26894e-05,0.000155995) m -> [101,71,41]
% stop-coordinates: (-1.9205e-05,-4.26894e-05,0.000155995) m -> [111,71,41]
% t/s	voltage
0	-0
3.56659078884e-13	2.05155508467e-11
7.13318157768e-13	-5.67906763282e-11
1.06997723665e-12	-1.48426088043e-11
1.42663631554e-12	5.82146739668e-11
1.78329539442e-12	2.05452007837e-10
2.1399544733e-12	5.03904327986e-10
2.49661355219e-12	9.98849454537e-10
2.85327263107e-12	1.54859304546e-09
3.20993170996e-12	1.8379792549e-09
3.56659078884e-12	1.20963750821e-09
3.92324986772e-12	-1.19871440551e-09
4.27990894661e-12	-6.0505377375e-09
4.63656802549e-12	-1.32383195517e-08
4.99322710438e-12	-2.11387770621e-08
5.34988618326e-12	-2.63647649268e-08
5.70654526214e-12	-2.44363147495e-08
6.06320434103e-12	-1.16090916324e-08
6.41986341991e-12	1.26445051096e-08
6.7765224988e-12	4.3789788684e-08
7.13318157768e-12	7.23583521989e-08
7.48984065656e-12	8.68535154908e-08
7.84649973545e-12	7.86548239873e-08
8.20315881433e-12	4.66121381493e-08
8.55981789322e-12	-1.18848487995e-09
8.9164769721e-12	-4.9953310155e-08
9.27313605098e-12	-8.4138056522e-08
9.62979512987e-12	-9.38940409867e-08
9.98645420875e-12	-7.87995162455e-08
1.03431132876e-11	-4.71887919851e-08
1.06997723665e-11	-1.16505800007e-08
1.10564314454e-11	1.65734803659e-08
1.14130905243e-11	3.15091579495e-08
1.17697496032e-11	3.32963787653e-08
1.21264086821e-11	2.62766358672e-08
1.24830677609e-11	1.59847562964e-08
1.28397268398e-11	6.72329633633e-09
1.31963859187e-11	5.46116512255e-10
1.35530449976e-11	-2.41809727797e-09
1.39097040765e-11	-3.08304323737e-09
1.42663631554e-11	-2.53569211461e-09
1.46230222342e-11	-1.60238373265e-09
1.49796813131e-11	-7.48786792987e-10
1.5336340392e-11	-1.71680245541e-10
1.56929994709e-11	1.02366104742e-10
1.60496585498e-11	1.44154714207e-10
1.64063176287e-11	7.33594005854e-11
1.67629767075e-11	3.05755499586e-12
1.71196357864e-11	-3.73674760839e-11
1.74762948653e-11	1.2406111674e-11
1.78329539442e-11	7.37327772622e-11
1.81896130231e-11	9.35464275487e-11
1.8546272102e-11	6.43407748954e-11
1.89029311809e-11	1.13582548857e-11
1.92595902597e-11	-2.247986324e-11
1.96162493386e-11	-2.57117585686e-11
1.99729084175e-11	-6.81232112685e-13
2.03295674964e-11	2.80774713375e-11
2.06862265753e-11	3.94014963885e-11
2.10428856542e-11	2.27439722871e-11
2.1399544733e-11	1.33279309491e-13
2.17562038119e-11	-1.34796546754e-11
2.21128628908e-11	-1.37531421798e-11
2.24695219697e-11	2.02348632506e-12
2.28261810486e-11	1.95216723646e-11
2.31828401275e-11	2.48334681811e-11
2.35394992063e-11	1.54688414855e-11
2.38961582852e-11	4.08397168622e-12
2.42528173641e-11	-1.80750842082e-12
2.4609476443e-11	-1.29112485406e-12
2.49661355219e-11	6.61076128192e-12
2.53227946008e-11	1.68642605306e-11
2.56794536796e-11	1.8820419832e-11
2.60361127585e-11	1.46907117547e-11
