% time-domain voltage integration by openEMS v0.0.35-108-gc651cce @Thu May  8 13:17:54 2025
% start-coordinates: (4.485e-06,-4.26894e-05,0.00015727) m -> [158,71,46]
% stop-coordinates: (4.485e-06,-4.26894e-05,0.00016498) m -> [158,71,74]
% t/s	voltage
0	-0
3.56659078884e-13	-4.61886479991e-12
7.13318157768e-13	-4.4602624003e-11
1.06997723665e-12	-4.05672124582e-11
1.42663631554e-12	5.57387918373e-11
1.78329539442e-12	2.92698571977e-10
2.1399544733e-12	7.96779342158e-10
2.49661355219e-12	1.6433508998e-09
2.85327263107e-12	2.73996553224e-09
3.20993170996e-12	3.63268949644e-09
3.56659078884e-12	3.30116887992e-09
3.92324986772e-12	2.23847307877e-10
4.27990894661e-12	-7.22094503636e-09
4.63656802549e-12	-1.97599325236e-08
4.99322710438e-12	-3.5910937779e-08
5.34988618326e-12	-5.09739516152e-08
5.70654526214e-12	-5.71987334164e-08
6.06320434103e-12	-4.59866906777e-08
6.41986341991e-12	-1.18391806914e-08
6.7765224988e-12	4.32179716459e-08
7.13318157768e-12	1.07356005419e-07
7.48984065656e-12	1.60781437497e-07
7.84649973545e-12	1.82339514598e-07
8.20315881433e-12	1.58489419366e-07
8.55981789322e-12	9.05295156617e-08
8.9164769721e-12	-3.97774965744e-09
9.27313605098e-12	-9.71200422306e-08
9.62979512987e-12	-1.61437858637e-07
9.98645420875e-12	-1.80587520493e-07
1.03431132876e-11	-1.54824770338e-07
1.06997723665e-11	-9.90454693817e-08
1.10564314454e-11	-3.50694205897e-08
1.14130905243e-11	1.75999525509e-08
1.17697496032e-11	4.81668511743e-08
1.21264086821e-11	5.5957923295e-08
1.24830677609e-11	4.7516201751e-08
1.28397268398e-11	3.18455254389e-08
1.31963859187e-11	1.63953204901e-08
1.35530449976e-11	5.17500546582e-09
1.39097040765e-11	-1.02953506484e-09
1.42663631554e-11	-3.3386091669e-09
1.46230222342e-11	-3.39842441688e-09
1.49796813131e-11	-2.53745471857e-09
1.5336340392e-11	-1.53661891544e-09
1.56929994709e-11	-7.39170108802e-10
1.60496585498e-11	-2.43584655051e-10
1.64063176287e-11	-2.82347251048e-11
1.67629767075e-11	-6.93960465264e-12
1.71196357864e-11	-8.33444448439e-11
1.74762948653e-11	-1.31141506075e-10
1.78329539442e-11	-1.05077679847e-10
1.81896130231e-11	-2.89985731283e-11
1.8546272102e-11	4.09749238662e-11
1.89029311809e-11	5.93275303017e-11
1.92595902597e-11	2.87931711893e-11
1.96162493386e-11	-2.11761485083e-11
1.99729084175e-11	-5.06994960337e-11
2.03295674964e-11	-4.38717483566e-11
2.06862265753e-11	-1.35071924891e-11
2.10428856542e-11	1.34991702874e-11
2.1399544733e-11	1.66435730757e-11
2.17562038119e-11	-5.21070156695e-12
2.21128628908e-11	-3.37333711312e-11
2.24695219697e-11	-4.93370326147e-11
2.28261810486e-11	-4.48578624333e-11
2.31828401275e-11	-2.51671737378e-11
2.35394992063e-11	-8.01531191137e-12
2.38961582852e-11	-4.87834356515e-12
2.42528173641e-11	-1.27447294255e-11
2.4609476443e-11	-2.49774147762e-11
2.49661355219e-11	-2.89056075083e-11
2.53227946008e-11	-2.35215795409e-11
2.56794536796e-11	-1.2095263918e-11
2.60361127585e-11	-2.01308847386e-12
