% time-domain voltage integration by openEMS v0.0.35-108-gc651cce @Thu May  8 13:29:05 2025
% start-coordinates: (-5.5325e-05,-4.26894e-05,0.00015727) m -> [27,71,46]
% stop-coordinates: (-5.5325e-05,-4.26894e-05,0.00016498) m -> [27,71,74]
% t/s	voltage
0	-0
3.56659078884e-13	-4.6246208699e-12
7.13318157768e-13	-4.24218142168e-11
1.06997723665e-12	-4.00279950245e-11
1.42663631554e-12	5.35931931429e-11
1.78329539442e-12	2.89002140795e-10
2.1399544733e-12	7.86178115664e-10
2.49661355219e-12	1.6216126289e-09
2.85327263107e-12	2.70451867151e-09
3.20993170996e-12	3.58919576005e-09
3.56659078884e-12	3.26571786974e-09
3.92324986772e-12	2.3135289344e-10
4.27990894661e-12	-7.11413850052e-09
4.63656802549e-12	-1.94946888077e-08
4.99322710438e-12	-3.54519873458e-08
5.34988618326e-12	-5.03471033753e-08
5.70654526214e-12	-5.65269994146e-08
6.06320434103e-12	-4.54943748229e-08
6.41986341991e-12	-1.18015382466e-08
6.7765224988e-12	4.25711856877e-08
7.13318157768e-12	1.05952014273e-07
7.48984065656e-12	1.58798256766e-07
7.84649973545e-12	1.80194911881e-07
8.20315881433e-12	1.56733334755e-07
8.55981789322e-12	8.96580945042e-08
8.9164769721e-12	-3.70706870756e-09
9.27313605098e-12	-9.57912325017e-08
9.62979512987e-12	-1.59443463765e-07
9.98645420875e-12	-1.78477471025e-07
1.03431132876e-11	-1.5310779089e-07
1.06997723665e-11	-9.80292689245e-08
1.10564314454e-11	-3.47984848714e-08
1.14130905243e-11	1.72949291555e-08
1.17697496032e-11	4.7558056715e-08
1.21264086821e-11	5.53051660024e-08
1.24830677609e-11	4.69908381096e-08
1.28397268398e-11	3.15113698468e-08
1.31963859187e-11	1.62363498202e-08
1.35530449976e-11	5.13602559093e-09
1.39097040765e-11	-1.00751268786e-09
1.42663631554e-11	-3.29725504539e-09
1.46230222342e-11	-3.36012166702e-09
1.49796813131e-11	-2.51037884924e-09
1.5336340392e-11	-1.52154962935e-09
1.56929994709e-11	-7.32346147267e-10
1.60496585498e-11	-2.41505136202e-10
1.64063176287e-11	-2.88804335264e-11
1.67629767075e-11	-7.27475553213e-12
1.71196357864e-11	-8.26351740941e-11
1.74762948653e-11	-1.29191560661e-10
1.78329539442e-11	-1.03807432702e-10
1.81896130231e-11	-2.87648581712e-11
1.8546272102e-11	4.05915638558e-11
1.89029311809e-11	5.91344145959e-11
1.92595902597e-11	2.86018726607e-11
1.96162493386e-11	-2.08939156666e-11
1.99729084175e-11	-4.97273306517e-11
2.03295674964e-11	-4.30250092281e-11
2.06862265753e-11	-1.31175430761e-11
2.10428856542e-11	1.32270335906e-11
2.1399544733e-11	1.63535213474e-11
2.17562038119e-11	-5.1053684392e-12
2.21128628908e-11	-3.32019659162e-11
2.24695219697e-11	-4.89209200493e-11
2.28261810486e-11	-4.44786012492e-11
2.31828401275e-11	-2.472513676e-11
2.35394992063e-11	-8.12127570597e-12
2.38961582852e-11	-5.13368533339e-12
2.42528173641e-11	-1.28123137913e-11
2.4609476443e-11	-2.49501794008e-11
2.49661355219e-11	-2.88024393832e-11
2.53227946008e-11	-2.33197902178e-11
2.56794536796e-11	-1.17441296488e-11
2.60361127585e-11	-1.89923741339e-12
