% time-domain voltage integration by openEMS v0.0.35-108-gc651cce @Thu May  8 13:29:05 2025
% start-coordinates: (-2.3275e-05,-4.26894e-05,0.000155995) m -> [101,71,41]
% stop-coordinates: (-1.9205e-05,-4.26894e-05,0.000155995) m -> [111,71,41]
% t/s	voltage
0	-0
3.56659078884e-13	-5.968826787e-10
7.13318157768e-13	-1.46017296865e-09
1.06997723665e-12	-1.54084937865e-09
1.42663631554e-12	4.0752771123e-10
1.78329539442e-12	7.48542233753e-09
2.1399544733e-12	2.4440130364e-08
2.49661355219e-12	5.64997630903e-08
2.85327263107e-12	1.0537359163e-07
3.20993170996e-12	1.62318930741e-07
3.56659078884e-12	1.99096983344e-07
3.92324986772e-12	1.61971156487e-07
4.27990894661e-12	-2.38070708702e-08
4.63656802549e-12	-4.31147881841e-07
4.99322710438e-12	-1.08845901536e-06
5.34988618326e-12	-1.92813398314e-06
5.70654526214e-12	-2.75168976316e-06
6.06320434103e-12	-3.24313120359e-06
6.41986341991e-12	-3.05059869277e-06
6.7765224988e-12	-1.92484711192e-06
7.13318157768e-12	1.35251892353e-07
7.48984065656e-12	2.80317532031e-06
7.84649973545e-12	5.47074523638e-06
8.20315881433e-12	7.42667589293e-06
8.55981789322e-12	8.10641279259e-06
8.9164769721e-12	7.30668034521e-06
9.27313605098e-12	5.26537576206e-06
9.62979512987e-12	2.56867858184e-06
9.98645420875e-12	-7.05112928046e-08
1.03431132876e-11	-2.06092853716e-06
1.06997723665e-11	-3.10275315485e-06
1.10564314454e-11	-3.22253347917e-06
1.14130905243e-11	-2.68536642523e-06
1.17697496032e-11	-1.84650814106e-06
1.21264086821e-11	-1.01536132036e-06
1.24830677609e-11	-3.79197199862e-07
1.28397268398e-11	4.98738121635e-09
1.31963859187e-11	1.72441779078e-07
1.35530449976e-11	1.98534898743e-07
1.39097040765e-11	1.57178247306e-07
1.42663631554e-11	9.97992417595e-08
1.46230222342e-11	5.23143555142e-08
1.49796813131e-11	2.19602335205e-08
1.5336340392e-11	6.30849303351e-09
1.56929994709e-11	5.68881303013e-11
1.60496585498e-11	-1.44391114343e-09
1.64063176287e-11	-1.14643422533e-09
1.67629767075e-11	-6.0169167565e-10
1.71196357864e-11	-5.54685210957e-10
1.74762948653e-11	-6.14620871559e-10
1.78329539442e-11	-6.85695115271e-10
1.81896130231e-11	-7.19523701037e-10
1.8546272102e-11	-7.01260431668e-10
1.89029311809e-11	-6.59953598714e-10
1.92595902597e-11	-6.33722893606e-10
1.96162493386e-11	-6.42608612156e-10
1.99729084175e-11	-6.77489751799e-10
2.03295674964e-11	-7.1560097431e-10
2.06862265753e-11	-7.34720100731e-10
2.10428856542e-11	-7.29886564382e-10
2.1399544733e-11	-7.1427467066e-10
2.17562038119e-11	-7.05791491223e-10
2.21128628908e-11	-7.14422590531e-10
2.24695219697e-11	-7.37508134424e-10
2.28261810486e-11	-7.59715478027e-10
2.31828401275e-11	-7.70736346273e-10
2.35394992063e-11	-7.70404965517e-10
2.38961582852e-11	-7.63533205411e-10
2.42528173641e-11	-7.60621059193e-10
2.4609476443e-11	-7.69053241229e-10
2.49661355219e-11	-7.8307253043e-10
2.53227946008e-11	-7.94068463761e-10
2.56794536796e-11	-8.02784227982e-10
2.60361127585e-11	-8.03311334119e-10
