% time-domain current integration by openEMS v0.0.35-108-gc651cce @Thu May  8 13:29:05 2025
% start-coordinates: (-5.6005e-05,-4.45724e-05,0.000161037) m -> [25,66,60]
% stop-coordinates: (-5.4785e-05,-4.12025e-05,0.000161037) m -> [29,75,60]
% t/s	current
2.56220602647e-16	0
3.56915299487e-13	1.08770963428e-13
7.13574378371e-13	9.57848817623e-13
1.07023345725e-12	7.86700674223e-13
1.42689253614e-12	-1.23852187187e-12
1.78355161502e-12	-5.93153174147e-12
2.14021069391e-12	-1.60482582084e-11
2.49686977279e-12	-3.29235701202e-11
2.85352885167e-12	-5.46680790914e-11
3.21018793056e-12	-7.20329004777e-11
3.56684700944e-12	-6.478739073e-11
3.92350608833e-12	-2.58864197439e-12
4.28016516721e-12	1.46628695297e-10
4.63682424609e-12	3.96595090102e-10
4.99348332498e-12	7.16877390783e-10
5.35014240386e-12	1.01320640766e-09
5.70680148275e-12	1.13143960867e-09
6.06346056163e-12	9.01462016145e-10
6.42011964052e-12	2.16839754485e-10
6.7767787194e-12	-8.79029016243e-10
7.13343779828e-12	-2.14822648559e-09
7.49009687717e-12	-3.19701776164e-09
7.84675595605e-12	-3.60791796439e-09
8.20341503494e-12	-3.11756931382e-09
8.56007411382e-12	-1.75811309955e-09
8.9167331927e-12	1.17289830626e-10
9.27339227159e-12	1.9540620233e-09
9.63005135047e-12	3.21126059077e-09
9.98671042936e-12	3.57138985052e-09
1.03433695082e-11	3.04610026092e-09
1.07000285871e-11	1.93465687914e-09
1.1056687666e-11	6.69784783192e-10
1.14133467449e-11	-3.65068864028e-10
1.17700058238e-11	-9.60446278064e-10
1.21266649027e-11	-1.10650211216e-09
1.24833239815e-11	-9.34835209243e-10
1.28399830604e-11	-6.23620266538e-10
1.31966421393e-11	-3.19057030795e-10
1.35533012182e-11	-9.90148379953e-11
1.39099602971e-11	2.19160922049e-11
1.4266619376e-11	6.64483607027e-11
1.46232784548e-11	6.70513020107e-11
1.49799375337e-11	4.983882404e-11
1.53365966126e-11	3.00542334075e-11
1.56932556915e-11	1.43620853058e-11
1.60499147704e-11	4.69383820006e-12
1.64065738493e-11	5.40521241047e-13
1.67632329282e-11	1.82500932769e-13
1.7119892007e-11	1.6800272111e-12
1.74765510859e-11	2.58690616671e-12
1.78332101648e-11	2.04608487271e-12
1.81898692437e-11	5.25402963324e-13
1.85465283226e-11	-8.51155571805e-13
1.89031874015e-11	-1.18606079819e-12
1.92598464803e-11	-5.52987072366e-13
1.96165055592e-11	4.37414481805e-13
1.99731646381e-11	1.00742547984e-12
2.0329823717e-11	8.55675556452e-13
2.06864827959e-11	2.47881142695e-13
2.10431418748e-11	-2.84488903789e-13
2.13998009536e-11	-3.20505341017e-13
2.17564600325e-11	1.02523106107e-13
2.21131191114e-11	6.84078661772e-13
2.24697781903e-11	9.85041583891e-13
2.28264372692e-11	8.78552927023e-13
2.31830963481e-11	4.98662959883e-13
2.35397554269e-11	1.62659016573e-13
2.38964145058e-11	9.47384531935e-14
2.42530735847e-11	2.53535663601e-13
2.46097326636e-11	5.02329948471e-13
2.49663917425e-11	5.74547245717e-13
2.53230508214e-11	4.70087239534e-13
2.56797099003e-11	2.34402612338e-13
2.60363689791e-11	3.24755142483e-14
