% time-domain current integration by openEMS v0.0.35-108-gc651cce @Thu May  8 13:29:05 2025
% start-coordinates: (3.805e-06,-4.45724e-05,0.000161037) m -> [156,66,60]
% stop-coordinates: (5.025e-06,-4.12025e-05,0.000161037) m -> [160,75,60]
% t/s	current
2.56220602647e-16	0
3.56915299487e-13	-2.94105365062e-11
7.13574378371e-13	-3.45762793397e-11
1.07023345725e-12	-2.63873536736e-12
1.42689253614e-12	1.24626281517e-10
1.78355161502e-12	4.42574699111e-10
2.14021069391e-12	1.06285802381e-09
2.49686977279e-12	2.03881511673e-09
2.85352885167e-12	3.22732796043e-09
3.21018793056e-12	4.10105327475e-09
3.56684700944e-12	3.6053782182e-09
3.92350608833e-12	2.15473139331e-10
4.28016516721e-12	-7.63914798085e-09
4.63682424609e-12	-2.07185220091e-08
4.99348332498e-12	-3.7885477866e-08
5.35014240386e-12	-5.52935937037e-08
5.70680148275e-12	-6.65230857066e-08
6.06346056163e-12	-6.41456310291e-08
6.42011964052e-12	-4.25680610761e-08
6.7767787194e-12	-1.17463272442e-09
7.13343779828e-12	5.37728865879e-08
7.49009687717e-12	1.09828555139e-07
7.84675595605e-12	1.51946110805e-07
8.20341503494e-12	1.67771631254e-07
8.56007411382e-12	1.52393965891e-07
8.9167331927e-12	1.10334639203e-07
9.27339227159e-12	5.38025375363e-08
9.63005135047e-12	-1.96895810767e-09
9.98671042936e-12	-4.41332836942e-08
1.03433695082e-11	-6.60505392602e-08
1.07000285871e-11	-6.81847893702e-08
1.1056687666e-11	-5.6257640324e-08
1.14133467449e-11	-3.80038081005e-08
1.17700058238e-11	-2.01527008414e-08
1.21266649027e-11	-6.72701627735e-09
1.24833239815e-11	1.13269493784e-09
1.28399830604e-11	4.3045229603e-09
1.31966421393e-11	4.50936843421e-09
1.35533012182e-11	3.38633188157e-09
1.39099602971e-11	2.03943950616e-09
1.4266619376e-11	9.92902982055e-10
1.46232784548e-11	3.6198513631e-10
1.49799375337e-11	6.21721701899e-11
1.53365966126e-11	-3.92450585918e-11
1.56932556915e-11	-4.93133867074e-11
1.60499147704e-11	-3.13630128812e-11
1.64065738493e-11	-1.42200539538e-11
1.67632329282e-11	-1.24829721213e-11
1.7119892007e-11	-1.50086939404e-11
1.74765510859e-11	-1.63395390967e-11
1.78332101648e-11	-1.59535631233e-11
1.81898692437e-11	-1.46345921492e-11
1.85465283226e-11	-1.34595008749e-11
1.89031874015e-11	-1.32105862707e-11
1.92598464803e-11	-1.40398647569e-11
1.96165055592e-11	-1.52109245338e-11
1.99731646381e-11	-1.59394303312e-11
2.0329823717e-11	-1.58920220733e-11
2.06864827959e-11	-1.54408118236e-11
2.10431418748e-11	-1.50445437358e-11
2.13998009536e-11	-1.51431384793e-11
2.17564600325e-11	-1.57174221554e-11
2.21131191114e-11	-1.64136360753e-11
2.24697781903e-11	-1.68570261916e-11
2.28264372692e-11	-1.68466750966e-11
2.31830963481e-11	-1.65822008902e-11
2.35397554269e-11	-1.63643786022e-11
2.38964145058e-11	-1.642361247e-11
2.42530735847e-11	-1.67025282494e-11
2.46097326636e-11	-1.70307535435e-11
2.49663917425e-11	-1.72084273914e-11
2.53230508214e-11	-1.71646238889e-11
2.56797099003e-11	-1.70248676268e-11
2.60363689791e-11	-1.69069203082e-11
