% time-domain voltage integration by openEMS v0.0.35-108-gc651cce @Thu May  8 13:29:05 2025
% start-coordinates: (-2.7885e-05,-4.26894e-05,0.000155995) m -> [91,71,41]
% stop-coordinates: (-3.1475e-05,-4.26894e-05,0.000155995) m -> [81,71,41]
% t/s	voltage
0	-0
3.56659078884e-13	1.97193581993e-11
7.13318157768e-13	-5.66034146637e-11
1.06997723665e-12	-1.02127614633e-11
1.42663631554e-12	6.0956927006e-11
1.78329539442e-12	2.12147105438e-10
2.1399544733e-12	5.07486129508e-10
2.49661355219e-12	9.93421518658e-10
2.85327263107e-12	1.5424266725e-09
3.20993170996e-12	1.81495855844e-09
3.56659078884e-12	1.17345592271e-09
3.92324986772e-12	-1.23244110056e-09
4.27990894661e-12	-6.07427175225e-09
4.63656802549e-12	-1.32126408703e-08
4.99322710438e-12	-2.10326758232e-08
5.34988618326e-12	-2.61672468138e-08
5.70654526214e-12	-2.41757829311e-08
6.06320434103e-12	-1.13628345066e-08
6.41986341991e-12	1.27606642475e-08
6.7765224988e-12	4.36673159854e-08
7.13318157768e-12	7.1951344438e-08
7.48984065656e-12	8.62179234673e-08
7.84649973545e-12	7.79611686319e-08
8.20315881433e-12	4.60807976221e-08
8.55981789322e-12	-1.37647874002e-09
8.9164769721e-12	-4.97331797966e-08
9.27313605098e-12	-8.35831612811e-08
9.62979512987e-12	-9.31874173382e-08
9.98645420875e-12	-7.81576674491e-08
1.03431132876e-11	-4.67656753322e-08
1.06997723665e-11	-1.14963891185e-08
1.10564314454e-11	1.64964543137e-08
1.14130905243e-11	3.12929482327e-08
1.17697496032e-11	3.30463685305e-08
1.21264086821e-11	2.60628161275e-08
1.24830677609e-11	1.58434225739e-08
1.28397268398e-11	6.64979921128e-09
1.31963859187e-11	5.28401736428e-10
1.35530449976e-11	-2.40481964897e-09
1.39097040765e-11	-3.05361640141e-09
1.42663631554e-11	-2.5104153617e-09
1.46230222342e-11	-1.58344454215e-09
1.49796813131e-11	-7.42419584143e-10
1.5336340392e-11	-1.73292472386e-10
1.56929994709e-11	1.00239624327e-10
1.60496585498e-11	1.42584522314e-10
1.64063176287e-11	7.44423784768e-11
1.67629767075e-11	5.02230769722e-12
1.71196357864e-11	-3.66291936019e-11
1.74762948653e-11	1.05469926954e-11
1.78329539442e-11	7.11325334572e-11
1.81896130231e-11	9.28668791172e-11
1.8546272102e-11	6.4266650595e-11
1.89029311809e-11	1.29058732017e-11
1.92595902597e-11	-2.42256681295e-11
1.96162493386e-11	-2.54399400851e-11
1.99729084175e-11	-9.65868406983e-13
2.03295674964e-11	2.51637714572e-11
2.06862265753e-11	3.88534994109e-11
2.10428856542e-11	2.46724372703e-11
2.1399544733e-11	5.44804346154e-13
2.17562038119e-11	-1.38704970903e-11
2.21128628908e-11	-1.39712951494e-11
2.24695219697e-11	8.27090955386e-13
2.28261810486e-11	1.75212492085e-11
2.31828401275e-11	2.38128575018e-11
2.35394992063e-11	1.62377770735e-11
2.38961582852e-11	4.41944403165e-12
2.42528173641e-11	-1.98135114544e-12
2.4609476443e-11	-1.41117276691e-12
2.49661355219e-11	5.69008582656e-12
2.53227946008e-11	1.53461051375e-11
2.56794536796e-11	1.72028939488e-11
2.60361127585e-11	1.49458295132e-11
