% time-domain current integration by openEMS v0.0.35-108-gc651cce @Thu May  8 13:29:05 2025
% start-coordinates: (-2.998e-05,-5.22762e-05,0.00015527) m -> [85,45,39]
% stop-coordinates: (-2.998e-05,-3.34025e-05,0.00015624) m -> [85,97,42]
% t/s	current
2.56220602647e-16	-0
3.56915299487e-13	3.67340909752e-14
7.13574378371e-13	1.00417645119e-12
1.07023345725e-12	1.83055122709e-13
1.42689253614e-12	-1.42186208554e-12
1.78355161502e-12	-5.12544303874e-12
2.14021069391e-12	-1.22646684475e-11
2.49686977279e-12	-2.31936709422e-11
2.85352885167e-12	-3.52600934561e-11
3.21018793056e-12	-4.01714182752e-11
3.56684700944e-12	-2.33459276217e-11
3.92350608833e-12	3.40546375821e-11
4.28016516721e-12	1.46166981296e-10
4.63682424609e-12	3.08035902341e-10
4.99348332498e-12	4.8132964281e-10
5.35014240386e-12	5.89195969791e-10
5.70680148275e-12	5.3316262516e-10
6.06346056163e-12	2.34228775264e-10
6.42011964052e-12	-3.1343422302e-10
6.7767787194e-12	-1.00371533307e-09
7.13343779828e-12	-1.62525581882e-09
7.49009687717e-12	-1.92754123773e-09
7.84675595605e-12	-1.7279564446e-09
8.20341503494e-12	-1.00968744476e-09
8.56007411382e-12	4.4011211342e-11
8.9167331927e-12	1.10860765012e-09
9.27339227159e-12	1.84816750792e-09
9.63005135047e-12	2.05369765638e-09
9.98671042936e-12	1.72132219589e-09
1.03433695082e-11	1.03376940341e-09
1.07000285871e-11	2.63392224698e-10
1.1056687666e-11	-3.47923356792e-10
1.14133467449e-11	-6.72788491585e-10
1.17700058238e-11	-7.14569792226e-10
1.21266649027e-11	-5.66491631382e-10
1.24833239815e-11	-3.471199439e-10
1.28399830604e-11	-1.48733789174e-10
1.31966421393e-11	-1.5757298244e-11
1.35533012182e-11	4.86518846043e-11
1.39099602971e-11	6.37858793562e-11
1.4266619376e-11	5.29073763966e-11
1.46232784548e-11	3.36966218817e-11
1.49799375337e-11	1.61107481522e-11
1.53365966126e-11	4.166817065e-12
1.56932556915e-11	-1.62403098782e-12
1.60499147704e-11	-2.671789439e-12
1.64065738493e-11	-1.40086954623e-12
1.67632329282e-11	2.50792225528e-14
1.7119892007e-11	8.20208050784e-13
1.74765510859e-11	-8.32299723932e-14
1.78332101648e-11	-1.26150760844e-12
1.81898692437e-11	-1.70779005087e-12
1.85465283226e-11	-1.17752671763e-12
1.89031874015e-11	-2.01731101442e-13
1.92598464803e-11	5.16718395502e-13
1.96165055592e-11	5.67660285097e-13
1.99731646381e-11	1.03653522397e-13
2.0329823717e-11	-4.44650826575e-13
2.06864827959e-11	-6.62124435141e-13
2.10431418748e-11	-4.27990108631e-13
2.13998009536e-11	2.96384011084e-14
2.17564600325e-11	3.33995960229e-13
2.21131191114e-11	3.2962445707e-13
2.24697781903e-11	3.61192195944e-14
2.28264372692e-11	-2.75299748276e-13
2.31830963481e-11	-3.89751056949e-13
2.35397554269e-11	-2.47459604891e-13
2.38964145058e-11	-2.808712464e-14
2.42530735847e-11	1.1509841474e-13
2.46097326636e-11	8.72863521913e-14
2.49663917425e-11	-6.38591284886e-14
2.53230508214e-11	-2.32086431236e-13
2.56797099003e-11	-3.03002143775e-13
2.60363689791e-11	-2.41908489768e-13
