% time-domain current integration by openEMS v0.0.35-108-gc651cce @Thu May  8 13:29:05 2025
% start-coordinates: (-2.154e-05,-5.22762e-05,0.00015527) m -> [105,45,39]
% stop-coordinates: (-2.154e-05,-3.34025e-05,0.00015624) m -> [105,97,42]
% t/s	current
2.56220602647e-16	0
3.56915299487e-13	1.29259415671e-11
7.13574378371e-13	2.94466985518e-11
1.07023345725e-12	3.01903016475e-11
1.42689253614e-12	-1.10539060544e-11
1.78355161502e-12	-1.57821797298e-10
2.14021069391e-12	-5.05746222679e-10
2.49686977279e-12	-1.15839338122e-09
2.85352885167e-12	-2.14541762134e-09
3.21018793056e-12	-3.28054139409e-09
3.56684700944e-12	-3.98320620931e-09
3.92350608833e-12	-3.16196935302e-09
4.28016516721e-12	6.84731160661e-10
4.63682424609e-12	8.99852725667e-09
4.99348332498e-12	2.22958007612e-08
5.35014240386e-12	3.91422894097e-08
5.70680148275e-12	5.54801360408e-08
6.06346056163e-12	6.49382485562e-08
6.42011964052e-12	6.05093788408e-08
6.7767787194e-12	3.73417208266e-08
7.13343779828e-12	-4.37764358097e-09
7.49009687717e-12	-5.79050229987e-08
7.84675595605e-12	-1.10953884302e-07
8.20341503494e-12	-1.4933385728e-07
8.56007411382e-12	-1.61952527833e-07
8.9167331927e-12	-1.45035727428e-07
9.27339227159e-12	-1.03611142777e-07
9.63005135047e-12	-4.95470473538e-08
9.98671042936e-12	2.92488211429e-09
1.03433695082e-11	4.21445882637e-08
1.07000285871e-11	6.23373921371e-08
1.1056687666e-11	6.42219646352e-08
1.14133467449e-11	5.31957660144e-08
1.17700058238e-11	3.63606211806e-08
1.21266649027e-11	1.98347294145e-08
1.24833239815e-11	7.27397120315e-09
1.28399830604e-11	-2.53850274134e-10
1.31966421393e-11	-3.49178685966e-09
1.35533012182e-11	-3.95394250674e-09
1.39099602971e-11	-3.10686543159e-09
1.4266619376e-11	-1.96182403656e-09
1.46232784548e-11	-1.02283104209e-09
1.49799375337e-11	-4.26366941753e-10
1.53365966126e-11	-1.20652404734e-10
1.56932556915e-11	4.64067152761e-13
1.60499147704e-11	2.88836159851e-11
1.64065738493e-11	2.25494761752e-11
1.67632329282e-11	1.20165821738e-11
1.7119892007e-11	1.1102323054e-11
1.74765510859e-11	1.22634810293e-11
1.78332101648e-11	1.37056919633e-11
1.81898692437e-11	1.43365753297e-11
1.85465283226e-11	1.4012374594e-11
1.89031874015e-11	1.32209555803e-11
1.92598464803e-11	1.27097559907e-11
1.96165055592e-11	1.28240655942e-11
1.99731646381e-11	1.3515596628e-11
2.0329823717e-11	1.42701163386e-11
2.06864827959e-11	1.4640559598e-11
2.10431418748e-11	1.45796690693e-11
2.13998009536e-11	1.42842309162e-11
2.17564600325e-11	1.41072778459e-11
2.21131191114e-11	1.42576965859e-11
2.24697781903e-11	1.46986953858e-11
2.28264372692e-11	1.51436641005e-11
2.31830963481e-11	1.53773539041e-11
2.35397554269e-11	1.53541086095e-11
2.38964145058e-11	1.52218793126e-11
2.42530735847e-11	1.51843867341e-11
2.46097326636e-11	1.53159967348e-11
2.49663917425e-11	1.55834442572e-11
2.53230508214e-11	1.58372464448e-11
2.56797099003e-11	1.59741143924e-11
2.60363689791e-11	1.60210317235e-11
