% time-domain current integration by openEMS v0.0.35-108-gc651cce @Thu May  8 13:17:54 2025
% start-coordinates: (3.805e-06,-4.45724e-05,0.000161037) m -> [156,66,60]
% stop-coordinates: (5.025e-06,-4.12025e-05,0.000161037) m -> [160,75,60]
% t/s	current
2.56220602647e-16	0
3.56915299487e-13	1.10366312714e-13
7.13574378371e-13	9.55718902455e-13
1.07023345725e-12	8.0519445278e-13
1.42689253614e-12	-1.2521514858e-12
1.78355161502e-12	-6.03066858604e-12
2.14021069391e-12	-1.62640994422e-11
2.49686977279e-12	-3.33302066502e-11
2.85352885167e-12	-5.53489129529e-11
3.21018793056e-12	-7.29190527404e-11
3.56684700944e-12	-6.5585821496e-11
3.92350608833e-12	-2.60468990126e-12
4.28016516721e-12	1.48421733237e-10
4.63682424609e-12	4.01444932852e-10
4.99348332498e-12	7.25588311656e-10
5.35014240386e-12	1.02548314285e-09
5.70680148275e-12	1.14512954674e-09
6.06346056163e-12	9.12379449769e-10
6.42011964052e-12	2.19445656091e-10
6.7767787194e-12	-8.89743556609e-10
7.13343779828e-12	-2.17432960525e-09
7.49009687717e-12	-3.23575788386e-09
7.84675595605e-12	-3.65161878513e-09
8.20341503494e-12	-3.15529202766e-09
8.56007411382e-12	-1.7793078122e-09
8.9167331927e-12	1.18831333662e-10
9.27339227159e-12	1.97782701328e-09
9.63005135047e-12	3.25024940295e-09
9.98671042936e-12	3.61463525778e-09
1.03433695082e-11	3.08293968132e-09
1.07000285871e-11	1.95803884218e-09
1.1056687666e-11	6.77835731988e-10
1.14133467449e-11	-3.695352635e-10
1.17700058238e-11	-9.72081526385e-10
1.21266649027e-11	-1.11991138585e-09
1.24833239815e-11	-9.46162925786e-10
1.28399830604e-11	-6.3115312976e-10
1.31966421393e-11	-3.22871424041e-10
1.35533012182e-11	-1.00223135346e-10
1.39099602971e-11	2.21852050619e-11
1.4266619376e-11	6.72712510696e-11
1.46232784548e-11	6.78635272977e-11
1.49799375337e-11	5.04595948358e-11
1.53365966126e-11	3.04280246832e-11
1.56932556915e-11	1.45311341085e-11
1.60499147704e-11	4.72719866723e-12
1.64065738493e-11	5.20487949615e-13
1.67632329282e-11	1.62213084219e-13
1.7119892007e-11	1.70842376704e-12
1.74765510859e-11	2.63305653322e-12
1.78332101648e-11	2.05753101189e-12
1.81898692437e-11	5.4655650665e-13
1.85465283226e-11	-8.61488072719e-13
1.89031874015e-11	-1.2063396072e-12
1.92598464803e-11	-5.75096014647e-13
1.96165055592e-11	4.50352510275e-13
1.99731646381e-11	1.02214081383e-12
2.0329823717e-11	8.72037685118e-13
2.06864827959e-11	2.44482602565e-13
2.10431418748e-11	-2.91210144106e-13
2.13998009536e-11	-3.15272113971e-13
2.17564600325e-11	1.12433974349e-13
2.21131191114e-11	7.04825683494e-13
2.24697781903e-11	1.01528930662e-12
2.28264372692e-11	8.77441619796e-13
2.31830963481e-11	4.86333250147e-13
2.35397554269e-11	1.57472654166e-13
2.38964145058e-11	9.80207194167e-14
2.42530735847e-11	2.62016103258e-13
2.46097326636e-11	5.11660971838e-13
2.49663917425e-11	5.72055261234e-13
2.53230508214e-11	4.57563186559e-13
2.56797099003e-11	2.33145479919e-13
2.60363689791e-11	2.94138154046e-14
