% time-domain current integration by openEMS v0.0.35-108-gc651cce @Thu May  8 13:17:54 2025
% start-coordinates: (-2.998e-05,-5.22762e-05,0.00015527) m -> [85,45,39]
% stop-coordinates: (-2.998e-05,-3.34025e-05,0.00015624) m -> [85,97,42]
% t/s	current
2.56220602647e-16	-0
3.56915299487e-13	1.3295638028e-11
7.13574378371e-13	2.97770003099e-11
1.07023345725e-12	3.05417115209e-11
1.42689253614e-12	-1.16864165914e-11
1.78355161502e-12	-1.60998062104e-10
2.14021069391e-12	-5.1420390168e-10
2.49686977279e-12	-1.17612874995e-09
2.85352885167e-12	-2.17576712203e-09
3.21018793056e-12	-3.32353922161e-09
3.56684700944e-12	-4.02969790869e-09
3.92350608833e-12	-3.18802162447e-09
4.28016516721e-12	7.21405934989e-10
4.63682424609e-12	9.15482711861e-09
4.99348332498e-12	2.26280842952e-08
5.35014240386e-12	3.96801453917e-08
5.70680148275e-12	5.61952369083e-08
6.06346056163e-12	6.57215224464e-08
6.42011964052e-12	6.11733028677e-08
6.7767787194e-12	3.76564273097e-08
7.13343779828e-12	-4.61717020173e-09
7.49009687717e-12	-5.88019268832e-08
7.84675595605e-12	-1.12453548695e-07
8.20341503494e-12	-1.51217761868e-07
8.56007411382e-12	-1.63890362614e-07
8.9167331927e-12	-1.46680051216e-07
9.27339227159e-12	-1.046992395e-07
9.63005135047e-12	-4.99704171375e-08
9.98671042936e-12	3.10734149522e-09
1.03433695082e-11	4.27487130139e-08
1.07000285871e-11	6.31284677866e-08
1.1056687666e-11	6.49896492178e-08
1.14133467449e-11	5.38024345076e-08
1.17700058238e-11	3.67544430446e-08
1.21266649027e-11	2.00327097133e-08
1.24833239815e-11	7.33073646231e-09
1.28399830604e-11	-2.76251466147e-10
1.31966421393e-11	-3.54355456089e-09
1.35533012182e-11	-4.00476229956e-09
1.39099602971e-11	-3.1438980308e-09
1.4266619376e-11	-1.98366412185e-09
1.46232784548e-11	-1.033259589e-09
1.49799375337e-11	-4.30016855457e-10
1.53365966126e-11	-1.21192986202e-10
1.56932556915e-11	9.69488378466e-13
1.60499147704e-11	2.9476997232e-11
1.64065738493e-11	2.29682228098e-11
1.67632329282e-11	1.23214988559e-11
1.7119892007e-11	1.13407521221e-11
1.74765510859e-11	1.24999351148e-11
1.78332101648e-11	1.39077126551e-11
1.81898692437e-11	1.45398571655e-11
1.85465283226e-11	1.42372034301e-11
1.89031874015e-11	1.34408942309e-11
1.92598464803e-11	1.29240125546e-11
1.96165055592e-11	1.30640394336e-11
1.99731646381e-11	1.3751040237e-11
2.0329823717e-11	1.44861882906e-11
2.06864827959e-11	1.4853231492e-11
2.10431418748e-11	1.48098460578e-11
2.13998009536e-11	1.44993166779e-11
2.17564600325e-11	1.4316758716e-11
2.21131191114e-11	1.44994545884e-11
2.24697781903e-11	1.49258262e-11
2.28264372692e-11	1.53885740956e-11
2.31830963481e-11	1.56161975712e-11
2.35397554269e-11	1.55750603387e-11
2.38964145058e-11	1.54750916942e-11
2.42530735847e-11	1.54130441049e-11
2.46097326636e-11	1.55365859067e-11
2.49663917425e-11	1.58113661053e-11
2.53230508214e-11	1.60777970798e-11
2.56797099003e-11	1.62088068661e-11
2.60363689791e-11	1.62412288479e-11
