% time-domain current integration by openEMS v0.0.35-108-gc651cce @Thu May  8 13:17:54 2025
% start-coordinates: (-5.6005e-05,-4.45724e-05,0.000161037) m -> [25,66,60]
% stop-coordinates: (-5.4785e-05,-4.12025e-05,0.000161037) m -> [29,75,60]
% t/s	current
2.56220602647e-16	0
3.56915299487e-13	-2.95831935337e-11
7.13574378371e-13	-3.54092380417e-11
1.07023345725e-12	-2.46597924372e-12
1.42689253614e-12	1.26506791154e-10
1.78355161502e-12	4.49164566652e-10
2.14021069391e-12	1.07889153167e-09
2.49686977279e-12	2.07014427822e-09
2.85352885167e-12	3.277524252e-09
3.21018793056e-12	4.1652477023e-09
3.56684700944e-12	3.66185948231e-09
3.92350608833e-12	2.17606280217e-10
4.28016516721e-12	-7.76332509389e-09
4.63682424609e-12	-2.10523101174e-08
4.99348332498e-12	-3.84913967366e-08
5.35014240386e-12	-5.61669217802e-08
5.70680148275e-12	-6.75494504776e-08
6.06346056163e-12	-6.50876472719e-08
6.42011964052e-12	-4.31022826319e-08
6.7767787194e-12	-9.83989112413e-10
7.13343779828e-12	5.48769847342e-08
7.49009687717e-12	1.11803331038e-07
7.84675595605e-12	1.54486130555e-07
8.20341503494e-12	1.70378200437e-07
8.56007411382e-12	1.5452594937e-07
8.9167331927e-12	1.11584178342e-07
9.27339227159e-12	5.40211928524e-08
9.63005135047e-12	-2.64460231492e-09
9.98671042936e-12	-4.53592363669e-08
1.03433695082e-11	-6.74158400216e-08
1.07000285871e-11	-6.93488217962e-08
1.1056687666e-11	-5.70336560202e-08
1.14133467449e-11	-3.83682774441e-08
1.17700058238e-11	-2.01981720238e-08
1.21266649027e-11	-6.59169607786e-09
1.24833239815e-11	1.32409205822e-09
1.28399830604e-11	4.4717762826e-09
1.31966421393e-11	4.62016513936e-09
1.35533012182e-11	3.44200223878e-09
1.39099602971e-11	2.05683736709e-09
1.4266619376e-11	9.90608151064e-10
1.46232784548e-11	3.53357648697e-10
1.49799375337e-11	5.40955370776e-11
1.53365966126e-11	-4.45073110311e-11
1.56932556915e-11	-5.19189725934e-11
1.60499147704e-11	-3.23115596779e-11
1.64065738493e-11	-1.43905798736e-11
1.67632329282e-11	-1.25053344416e-11
1.7119892007e-11	-1.52022526512e-11
1.74765510859e-11	-1.65186510304e-11
1.78332101648e-11	-1.61474063287e-11
1.81898692437e-11	-1.47842241921e-11
1.85465283226e-11	-1.36075681972e-11
1.89031874015e-11	-1.33853639978e-11
1.92598464803e-11	-1.42508444281e-11
1.96165055592e-11	-1.54022905541e-11
1.99731646381e-11	-1.61016009553e-11
2.0329823717e-11	-1.60944122612e-11
2.06864827959e-11	-1.55917761341e-11
2.10431418748e-11	-1.52444116358e-11
2.13998009536e-11	-1.53289256288e-11
2.17564600325e-11	-1.59159768698e-11
2.21131191114e-11	-1.66254839756e-11
2.24697781903e-11	-1.70524202397e-11
2.28264372692e-11	-1.70449279691e-11
2.31830963481e-11	-1.67469944162e-11
2.35397554269e-11	-1.6563294139e-11
2.38964145058e-11	-1.66106069871e-11
2.42530735847e-11	-1.69078726714e-11
2.46097326636e-11	-1.72263939224e-11
2.49663917425e-11	-1.74080923288e-11
2.53230508214e-11	-1.73460169839e-11
2.56797099003e-11	-1.72223676292e-11
2.60363689791e-11	-1.7090516502e-11
