% time-domain voltage integration by openEMS v0.0.35-108-gc651cce @Thu May  8 13:29:05 2025
% start-coordinates: (4.485e-06,-4.26894e-05,0.00015727) m -> [158,71,46]
% stop-coordinates: (4.485e-06,-4.26894e-05,0.00016498) m -> [158,71,74]
% t/s	voltage
0	-0
3.56659078884e-13	-1.54883677064e-09
7.13318157768e-13	-1.4663756355e-09
1.06997723665e-12	7.64521434007e-10
1.42663631554e-12	8.60591203855e-09
1.78329539442e-12	2.70309071237e-08
2.1399544733e-12	6.11664872086e-08
2.49661355219e-12	1.12099426852e-07
2.85327263107e-12	1.69305832909e-07
3.20993170996e-12	2.0170937054e-07
3.56659078884e-12	1.52349600047e-07
3.92324986772e-12	-5.53402015324e-08
4.27990894661e-12	-4.91963138671e-07
4.63656802549e-12	-1.1773466646e-06
4.99322710438e-12	-2.02930688431e-06
5.34988618326e-12	-2.83319857175e-06
5.70654526214e-12	-3.26347850432e-06
6.06320434103e-12	-2.97399847682e-06
6.41986341991e-12	-1.7403513759e-06
6.7765224988e-12	4.00207008866e-07
7.13318157768e-12	3.08422727358e-06
7.48984065656e-12	5.68647963917e-06
7.84649973545e-12	7.51033522306e-06
8.20315881433e-12	8.03494137358e-06
8.55981789322e-12	7.11193042946e-06
8.9164769721e-12	5.02078432874e-06
9.27313605098e-12	2.35769232404e-06
9.62979512987e-12	-1.8840209437e-07
9.98645420875e-12	-2.07007467878e-06
1.03431132876e-11	-3.02952020093e-06
1.06997723665e-11	-3.11592861379e-06
1.10564314454e-11	-2.59235831379e-06
1.14130905243e-11	-1.79454689331e-06
1.17697496032e-11	-1.00800544089e-06
1.21264086821e-11	-4.02986886527e-07
1.24830677609e-11	-3.08762644341e-08
1.28397268398e-11	1.39837351032e-07
1.31963859187e-11	1.76742878555e-07
1.35530449976e-11	1.46795273714e-07
1.39097040765e-11	9.76147485066e-08
1.42663631554e-11	5.43512004292e-08
1.46230222342e-11	2.51918503835e-08
1.49796813131e-11	9.0661410046e-09
1.5336340392e-11	1.73423764238e-09
1.56929994709e-11	-8.30582430958e-10
1.60496585498e-11	-1.29398871826e-09
1.64063176287e-11	-1.13012138883e-09
1.67629767075e-11	-1.22604945987e-09
1.71196357864e-11	-1.09880146648e-09
1.74762948653e-11	-1.03244579205e-09
1.78329539442e-11	-1.048048974e-09
1.81896130231e-11	-1.1131338247e-09
1.8546272102e-11	-1.17336457911e-09
1.89029311809e-11	-1.18616691816e-09
1.92595902597e-11	-1.14478585292e-09
1.96162493386e-11	-1.08827747508e-09
1.99729084175e-11	-1.05172270198e-09
2.03295674964e-11	-1.05146779478e-09
2.06862265753e-11	-1.07409270367e-09
2.10428856542e-11	-1.09440974685e-09
2.1399544733e-11	-1.09079143981e-09
2.17562038119e-11	-1.06234903513e-09
2.21128628908e-11	-1.02783015085e-09
2.24695219697e-11	-1.00432909905e-09
2.28261810486e-11	-1.00446205173e-09
2.31828401275e-11	-1.01720671469e-09
2.35394992063e-11	-1.02849379013e-09
2.38961582852e-11	-1.02604016949e-09
2.42528173641e-11	-1.01256650634e-09
2.4609476443e-11	-9.95771118339e-10
2.49661355219e-11	-9.87283855364e-10
2.53227946008e-11	-9.88583055694e-10
2.56794536796e-11	-9.95758545064e-10
2.60361127585e-11	-1.00145666412e-09
