% time-domain voltage integration by openEMS v0.0.35-108-gc651cce @Thu May  8 13:48:11 2025
% start-coordinates: (4.485e-06,-4.26894e-05,0.00015727) m -> [158,71,46]
% stop-coordinates: (4.485e-06,-4.26894e-05,0.00016498) m -> [158,71,74]
% t/s	voltage
0	-0
3.56659078884e-13	-2.10400127876e-09
7.13318157768e-13	-5.14145012676e-09
1.06997723665e-12	-5.3617755652e-09
1.42663631554e-12	1.55483574973e-09
1.78329539442e-12	2.66200448351e-08
2.1399544733e-12	8.65507188141e-08
2.49661355219e-12	1.99635767473e-07
2.85327263107e-12	3.71752153505e-07
3.20993170996e-12	5.71687344575e-07
3.56659078884e-12	6.99675121396e-07
3.92324986772e-12	5.66328521856e-07
4.27990894661e-12	-9.11947874993e-08
4.63656802549e-12	-1.52858207514e-06
4.99322710438e-12	-3.84391147179e-06
5.34988618326e-12	-6.79696412931e-06
5.70654526214e-12	-9.68754318365e-06
6.06320434103e-12	-1.14037513583e-05
6.41986341991e-12	-1.07100520381e-05
6.7765224988e-12	-6.73444809252e-06
7.13318157768e-12	5.2117933258e-07
7.48984065656e-12	9.90381298038e-06
7.84649973545e-12	1.92732961182e-05
8.20315881433e-12	2.6131185848e-05
8.55981789322e-12	2.84985401322e-05
8.9164769721e-12	2.5667685577e-05
9.27313605098e-12	1.8480301037e-05
9.62979512987e-12	8.99892742723e-06
9.98645420875e-12	-2.72266881929e-07
1.03431132876e-11	-7.25886627606e-06
1.06997723665e-11	-1.09111871609e-05
1.10564314454e-11	-1.13254464509e-05
1.14130905243e-11	-9.43424413435e-06
1.17697496032e-11	-6.48558682315e-06
1.21264086821e-11	-3.5655667574e-06
1.24830677609e-11	-1.33118263435e-06
1.28397268398e-11	1.79533408695e-08
1.31963859187e-11	6.05921760766e-07
1.35530449976e-11	6.9747812681e-07
1.39097040765e-11	5.52187565006e-07
1.42663631554e-11	3.50647598957e-07
1.46230222342e-11	1.83850567659e-07
1.49796813131e-11	7.72191135479e-08
1.5336340392e-11	2.22196966382e-08
1.56929994709e-11	2.23394728931e-10
1.60496585498e-11	-5.07478663259e-09
1.64063176287e-11	-4.04178226998e-09
1.67629767075e-11	-2.14739503263e-09
1.71196357864e-11	-1.96424797955e-09
1.74762948653e-11	-2.16565439193e-09
1.78329539442e-11	-2.41566083109e-09
1.81896130231e-11	-2.53301468689e-09
1.8546272102e-11	-2.47724554064e-09
1.89029311809e-11	-2.33886036927e-09
1.92595902597e-11	-2.24468812288e-09
1.96162493386e-11	-2.2683681114e-09
1.99729084175e-11	-2.3843067104e-09
2.03295674964e-11	-2.51656828015e-09
2.06862265753e-11	-2.58630131894e-09
2.10428856542e-11	-2.57694602462e-09
2.1399544733e-11	-2.52237322002e-09
2.17562038119e-11	-2.4899895687e-09
2.21128628908e-11	-2.51789570443e-09
2.24695219697e-11	-2.5927350128e-09
2.28261810486e-11	-2.67159517425e-09
2.31828401275e-11	-2.71345874242e-09
2.35394992063e-11	-2.70968042448e-09
2.38961582852e-11	-2.68885800431e-09
2.42528173641e-11	-2.67897868472e-09
2.4609476443e-11	-2.70202422242e-09
2.49661355219e-11	-2.74838782288e-09
