% time-domain voltage integration by openEMS v0.0.35-108-gc651cce @Thu May  8 13:48:11 2025
% start-coordinates: (-2.3275e-05,-4.26894e-05,0.000155995) m -> [101,71,41]
% stop-coordinates: (-1.9205e-05,-4.26894e-05,0.000155995) m -> [111,71,41]
% t/s	voltage
0	-0
3.56659078884e-13	-5.34997576795e-09
7.13318157768e-13	-6.33788979632e-09
1.06997723665e-12	-4.18474376679e-10
1.42663631554e-12	2.25972920376e-08
1.78329539442e-12	8.01264938843e-08
2.1399544733e-12	1.92056300641e-07
2.49661355219e-12	3.68047089694e-07
2.85327263107e-12	5.81694486357e-07
3.20993170996e-12	7.3750476659e-07
3.56659078884e-12	6.44868556776e-07
3.92324986772e-12	2.88783732483e-08
4.27990894661e-12	-1.39228286145e-06
4.63656802549e-12	-3.75253327434e-06
4.99322710438e-12	-6.84198505496e-06
5.34988618326e-12	-9.96200708414e-06
5.70654526214e-12	-1.19525620903e-05
6.06320434103e-12	-1.14775417615e-05
6.41986341991e-12	-7.53964542355e-06
6.7765224988e-12	-4.53590454086e-08
7.13318157768e-12	9.85753842997e-06
7.48984065656e-12	1.99132388161e-05
7.84649973545e-12	2.74111744147e-05
8.20315881433e-12	3.01427867271e-05
8.55981789322e-12	2.72529803169e-05
8.9164769721e-12	1.95881855234e-05
9.27313605098e-12	9.36991278877e-06
9.62979512987e-12	-6.53068781276e-07
9.98645420875e-12	-8.17982800072e-06
1.03431132876e-11	-1.2038397756e-05
1.06997723665e-11	-1.23372461758e-05
1.10564314454e-11	-1.01242289929e-05
1.14130905243e-11	-6.79882259647e-06
1.17697496032e-11	-3.57018126351e-06
1.21264086821e-11	-1.15503041087e-06
1.24830677609e-11	2.49424831011e-07
1.28397268398e-11	8.07502232192e-07
1.31963859187e-11	8.3264566797e-07
1.35530449976e-11	6.2139526591e-07
1.39097040765e-11	3.72746038479e-07
1.42663631554e-11	1.80662050653e-07
1.46230222342e-11	6.51674914032e-08
1.49796813131e-11	1.03471000101e-08
1.5336340392e-11	-8.25898027745e-09
1.56929994709e-11	-1.02574979621e-08
1.60496585498e-11	-7.14882936181e-09
1.64063176287e-11	-4.10566969311e-09
1.67629767075e-11	-3.74029313077e-09
1.71196357864e-11	-4.08634004412e-09
1.74762948653e-11	-4.22123214161e-09
1.78329539442e-11	-4.13113215858e-09
1.81896130231e-11	-3.95181209978e-09
1.8546272102e-11	-3.788481584e-09
1.89029311809e-11	-3.74010156179e-09
1.92595902597e-11	-3.79104836412e-09
1.96162493386e-11	-3.86684706477e-09
1.99729084175e-11	-3.90300308739e-09
2.03295674964e-11	-3.86456466828e-09
2.06862265753e-11	-3.76991188267e-09
2.10428856542e-11	-3.6962312655e-09
2.1399544733e-11	-3.66102942406e-09
2.17562038119e-11	-3.67274810564e-09
2.21128628908e-11	-3.71047598202e-09
2.24695219697e-11	-3.72007818994e-09
2.28261810486e-11	-3.68280861363e-09
2.31828401275e-11	-3.63176538842e-09
2.35394992063e-11	-3.5769822937e-09
2.38961582852e-11	-3.56173143756e-09
2.42528173641e-11	-3.56995799589e-09
2.4609476443e-11	-3.57656296246e-09
2.49661355219e-11	-3.57163773557e-09
