% time-domain current integration by openEMS v0.0.35-108-gc651cce @Thu May  8 13:48:11 2025
% start-coordinates: (3.805e-06,-4.45724e-05,0.000161037) m -> [156,66,60]
% stop-coordinates: (5.025e-06,-4.12025e-05,0.000161037) m -> [160,75,60]
% t/s	current
2.56220602647e-16	0
3.56915299487e-13	4.45588600739e-11
7.13574378371e-13	1.03467089063e-10
1.07023345725e-12	1.066388991e-10
1.42689253614e-12	-3.61492190348e-11
1.78355161502e-12	-5.47087042335e-10
2.14021069391e-12	-1.76209746794e-09
2.49686977279e-12	-4.04640587703e-09
2.85352885167e-12	-7.5091683982e-09
3.21018793056e-12	-1.15055076577e-08
3.56684700944e-12	-1.40097782264e-08
3.92350608833e-12	-1.11998463836e-08
4.28016516721e-12	2.19898721454e-09
4.63682424609e-12	3.12758565713e-08
4.99348332498e-12	7.78987470085e-08
5.35014240386e-12	1.37106937359e-07
5.70680148275e-12	1.94716449187e-07
6.06346056163e-12	2.28369245292e-07
6.42011964052e-12	2.13385689563e-07
6.7767787194e-12	1.32561552846e-07
7.13343779828e-12	-1.36627704705e-08
7.49009687717e-12	-2.01788211029e-07
7.84675595605e-12	-3.88724174627e-07
8.20341503494e-12	-5.245173611e-07
8.56007411382e-12	-5.69939800243e-07
8.9167331927e-12	-5.11407506565e-07
9.27339227159e-12	-3.66318886336e-07
9.63005135047e-12	-1.76267505481e-07
9.98671042936e-12	8.65732996402e-09
1.03433695082e-11	1.4726271047e-07
1.07000285871e-11	2.18996120793e-07
1.1056687666e-11	2.26182550023e-07
1.14133467449e-11	1.87703591337e-07
1.17700058238e-11	1.28544144218e-07
1.21266649027e-11	7.03015103909e-08
1.24833239815e-11	2.59346251141e-08
1.28399830604e-11	-7.20636661455e-10
1.31966421393e-11	-1.22354482102e-08
1.35533012182e-11	-1.39284210832e-08
1.39099602971e-11	-1.09709956675e-08
1.4266619376e-11	-6.94016311087e-09
1.46232784548e-11	-3.62469920745e-09
1.49799375337e-11	-1.51452750341e-09
1.53365966126e-11	-4.30629254478e-10
1.56932556915e-11	-2.98376774677e-14
1.60499147704e-11	1.01755492921e-10
1.64065738493e-11	7.99549801367e-11
1.67632329282e-11	4.25760295075e-11
1.7119892007e-11	3.92997925869e-11
1.74765510859e-11	4.33398768263e-11
1.78332101648e-11	4.84635595543e-11
1.81898692437e-11	5.07078094791e-11
1.85465283226e-11	4.94362051295e-11
1.89031874015e-11	4.66139939148e-11
1.92598464803e-11	4.48408497833e-11
1.96165055592e-11	4.53392601241e-11
1.99731646381e-11	4.76488327961e-11
2.0329823717e-11	5.03705410715e-11
2.06864827959e-11	5.17302624348e-11
2.10431418748e-11	5.14653875072e-11
2.13998009536e-11	5.04293308501e-11
2.17564600325e-11	4.97802216115e-11
2.21131191114e-11	5.03217884029e-11
2.24697781903e-11	5.18816933859e-11
2.28264372692e-11	5.34524785545e-11
2.31830963481e-11	5.42435922568e-11
2.35397554269e-11	5.41712924518e-11
2.38964145058e-11	5.37445643545e-11
2.42530735847e-11	5.35634453458e-11
2.46097326636e-11	5.40503128366e-11
2.49663917425e-11	5.50051358628e-11
