% time-domain current integration by openEMS v0.0.35-108-gc651cce @Thu May  8 13:48:11 2025
% start-coordinates: (-2.154e-05,-5.22762e-05,0.00015527) m -> [105,45,39]
% stop-coordinates: (-2.154e-05,-3.34025e-05,0.00015624) m -> [105,97,42]
% t/s	current
2.56220602647e-16	0
3.56915299487e-13	-1.01167171862e-10
7.13574378371e-13	-1.00337745057e-10
1.07023345725e-12	4.83598681933e-11
1.42689253614e-12	5.8094662414e-10
1.78355161502e-12	1.83114046148e-09
2.14021069391e-12	4.15934975351e-09
2.49686977279e-12	7.64141105947e-09
2.85352885167e-12	1.15763709729e-08
3.21018793056e-12	1.38602294086e-08
3.56684700944e-12	1.06129345312e-08
3.92350608833e-12	-3.40306494095e-09
4.28016516721e-12	-3.3071131611e-08
4.63682424609e-12	-7.98603494445e-08
4.99348332498e-12	-1.38319407483e-07
5.35014240386e-12	-1.93934127424e-07
5.70680148275e-12	-2.24506109703e-07
6.06346056163e-12	-2.06222239285e-07
6.42011964052e-12	-1.23341123981e-07
6.7767787194e-12	2.21721236926e-08
7.13343779828e-12	2.0604126405e-07
7.49009687717e-12	3.85819532767e-07
7.84675595605e-12	5.13697898441e-07
8.20341503494e-12	5.53371364731e-07
8.56007411382e-12	4.9369231192e-07
8.9167331927e-12	3.52817352223e-07
9.27339227159e-12	1.70974544744e-07
9.63005135047e-12	-4.6606700721e-09
9.98671042936e-12	-1.36049990829e-07
1.03433695082e-11	-2.04697371942e-07
1.07000285871e-11	-2.13180342712e-07
1.1056687666e-11	-1.79029527203e-07
1.14133467449e-11	-1.2513743286e-07
1.17700058238e-11	-7.12569132588e-08
1.21266649027e-11	-2.93766380111e-08
1.24833239815e-11	-3.31879235205e-09
1.28399830604e-11	8.87840378994e-09
1.31966421393e-11	1.1765417085e-08
1.35533012182e-11	9.92914017672e-09
1.39099602971e-11	6.66816513117e-09
1.4266619376e-11	3.74662656455e-09
1.46232784548e-11	1.75853376305e-09
1.49799375337e-11	6.51595943868e-10
1.53365966126e-11	1.45791587136e-10
1.56932556915e-11	-3.06020556118e-11
1.60499147704e-11	-6.10800021672e-11
1.64065738493e-11	-4.80890466337e-11
1.67632329282e-11	-5.57347605568e-11
1.7119892007e-11	-4.8693861443e-11
1.74765510859e-11	-4.61242224969e-11
1.78332101648e-11	-4.77684211631e-11
1.81898692437e-11	-5.14566583787e-11
1.85465283226e-11	-5.46014136682e-11
1.89031874015e-11	-5.5626142581e-11
1.92598464803e-11	-5.45885489589e-11
1.96165055592e-11	-5.30077995387e-11
1.99731646381e-11	-5.22904150535e-11
2.0329823717e-11	-5.3007709333e-11
2.06864827959e-11	-5.48293459246e-11
2.10431418748e-11	-5.6313811253e-11
2.13998009536e-11	-5.70711602976e-11
2.17564600325e-11	-5.67838137622e-11
2.21131191114e-11	-5.60319117493e-11
2.24697781903e-11	-5.59370327835e-11
2.28264372692e-11	-5.66163921301e-11
2.31830963481e-11	-5.76512171335e-11
2.35397554269e-11	-5.86658222002e-11
2.38964145058e-11	-5.89960649777e-11
2.42530735847e-11	-5.89846851917e-11
2.46097326636e-11	-5.87750612069e-11
2.49663917425e-11	-5.87522044904e-11
