% time-domain current integration by openEMS v0.0.35-108-gc651cce @Thu May  8 13:48:11 2025
% start-coordinates: (-5.6005e-05,-4.45724e-05,0.000161037) m -> [25,66,60]
% stop-coordinates: (-5.4785e-05,-4.12025e-05,0.000161037) m -> [29,75,60]
% t/s	current
2.56220602647e-16	0
3.56915299487e-13	-3.17420297945e-13
7.13574378371e-13	3.90713112905e-12
1.07023345725e-12	6.43978414431e-13
1.42689253614e-12	-4.9967543124e-12
1.78355161502e-12	-1.79299960296e-11
2.14021069391e-12	-4.28410085185e-11
2.49686977279e-12	-8.16336859222e-11
2.85352885167e-12	-1.2537962335e-10
3.21018793056e-12	-1.43972930799e-10
3.56684700944e-12	-8.63867380407e-11
3.92350608833e-12	1.14745234148e-10
4.28016516721e-12	5.1069304341e-10
4.63682424609e-12	1.08661202258e-09
4.99348332498e-12	1.70772840313e-09
5.35014240386e-12	2.10191908323e-09
5.70680148275e-12	1.9175949717e-09
6.06346056163e-12	8.69807059711e-10
6.42011964052e-12	-1.06989650472e-09
6.7767787194e-12	-3.53112783458e-09
7.13343779828e-12	-5.76414560527e-09
7.49009687717e-12	-6.87451517933e-09
7.84675595605e-12	-6.20172935228e-09
8.20341503494e-12	-3.67192942718e-09
8.56007411382e-12	7.29105872899e-11
8.9167331927e-12	3.88126419892e-09
9.27339227159e-12	6.55114451575e-09
9.63005135047e-12	7.32525418101e-09
9.98671042936e-12	6.17518036705e-09
1.03433695082e-11	3.74290420879e-09
1.07000285871e-11	9.96206006576e-10
1.1056687666e-11	-1.1986127646e-09
1.14133467449e-11	-2.37821118354e-09
1.17700058238e-11	-2.5469129028e-09
1.21266649027e-11	-2.03154559841e-09
1.24833239815e-11	-1.25382149108e-09
1.28399830604e-11	-5.44712608352e-10
1.31966421393e-11	-6.56511373043e-11
1.35533012182e-11	1.68954517044e-10
1.39099602971e-11	2.26600932463e-10
1.4266619376e-11	1.89484192226e-10
1.46232784548e-11	1.21373022743e-10
1.49799375337e-11	5.83074699634e-11
1.53365966126e-11	1.53460959218e-11
1.56932556915e-11	-5.53071607609e-12
1.60499147704e-11	-9.37021727571e-12
1.64065738493e-11	-4.82385008674e-12
1.67632329282e-11	1.16674627858e-13
1.7119892007e-11	2.91575899709e-12
1.74765510859e-11	-5.02123570587e-13
1.78332101648e-11	-4.62554517258e-12
1.81898692437e-11	-6.0693585574e-12
1.85465283226e-11	-4.19496902493e-12
1.89031874015e-11	-6.04263546752e-13
1.92598464803e-11	1.89265942328e-12
1.96165055592e-11	2.10264986845e-12
1.99731646381e-11	3.66259187692e-13
2.0329823717e-11	-1.5886721192e-12
2.06864827959e-11	-2.37790863389e-12
2.10431418748e-11	-1.4687661894e-12
2.13998009536e-11	1.91818119006e-13
2.17564600325e-11	1.21814494256e-12
2.21131191114e-11	1.20288566434e-12
2.24697781903e-11	1.64593978638e-13
2.28264372692e-11	-1.04434364802e-12
2.31830963481e-11	-1.4197790079e-12
2.35397554269e-11	-8.97731541882e-13
2.38964145058e-11	-1.06766632753e-13
2.42530735847e-11	4.3001556092e-13
2.46097326636e-11	2.96816661961e-13
2.49663917425e-11	-2.37969041174e-13
