% time-domain voltage integration by openEMS v0.0.35-108-gc651cce @Thu May  8 13:48:11 2025
% start-coordinates: (-2.7885e-05,-4.26894e-05,0.000155995) m -> [91,71,41]
% stop-coordinates: (-3.1475e-05,-4.26894e-05,0.000155995) m -> [81,71,41]
% t/s	voltage
0	-0
3.56659078884e-13	-3.28396059261e-11
7.13318157768e-13	-1.26860877272e-10
1.06997723665e-12	7.30425858686e-10
1.42663631554e-12	2.14145176591e-09
1.78329539442e-12	5.04596173179e-09
2.1399544733e-12	9.34498611826e-09
2.49661355219e-12	1.40118385783e-08
2.85327263107e-12	1.56894797154e-08
3.20993170996e-12	8.70794975016e-09
3.56659078884e-12	-1.41841332013e-08
3.92324986772e-12	-5.81550270162e-08
4.27990894661e-12	-1.21336025671e-07
4.63656802549e-12	-1.89028524389e-07
4.99322710438e-12	-2.32227007402e-07
5.34988618326e-12	-2.13978621488e-07
5.70654526214e-12	-1.0442211984e-07
6.06320434103e-12	9.96898292804e-08
6.41986341991e-12	3.60662296472e-07
6.7765224988e-12	6.02265355809e-07
7.13318157768e-12	7.32836561212e-07
7.48984065656e-12	6.83273068347e-07
7.84649973545e-12	4.42215977614e-07
8.20315881433e-12	6.92250616829e-08
8.55981789322e-12	-3.23949208791e-07
8.9164769721e-12	-6.1725729239e-07
9.27313605098e-12	-7.30599097665e-07
9.62979512987e-12	-6.52533078238e-07
9.98645420875e-12	-4.37306709955e-07
1.03431132876e-11	-1.74443264278e-07
1.06997723665e-11	5.10671160914e-08
1.10564314454e-11	1.88452792038e-07
1.14130905243e-11	2.29940818386e-07
1.17697496032e-11	2.00054829591e-07
1.21264086821e-11	1.36000068096e-07
1.24830677609e-11	7.01122631064e-08
1.28397268398e-11	2.10093334951e-08
1.31963859187e-11	-6.44247219461e-09
1.35530449976e-11	-1.62677367133e-08
1.39097040765e-11	-1.55488329989e-08
1.42663631554e-11	-1.06436661707e-08
1.46230222342e-11	-5.58189575117e-09
1.49796813131e-11	-2.09708754528e-09
1.5336340392e-11	-4.23075791414e-10
1.56929994709e-11	2.68944751452e-11
1.60496585498e-11	-6.69611507085e-11
1.64063176287e-11	-1.72253563843e-10
1.67629767075e-11	-2.67997837464e-10
1.71196357864e-11	-6.50390830602e-11
1.74762948653e-11	6.42397740905e-11
1.78329539442e-11	4.0501114398e-11
1.81896130231e-11	-1.12317329048e-10
1.8546272102e-11	-2.3221136472e-10
1.89029311809e-11	-2.60606798294e-10
1.92595902597e-11	-1.84688552646e-10
1.96162493386e-11	-7.00253704848e-11
1.99729084175e-11	-1.06816771953e-11
2.03295674964e-11	-1.8697499278e-11
2.06862265753e-11	-7.9747335905e-11
2.10428856542e-11	-1.37535007688e-10
2.1399544733e-11	-1.43125269449e-10
2.17562038119e-11	-1.05626844944e-10
2.21128628908e-11	-4.64825563023e-11
2.24695219697e-11	-2.75491847217e-11
2.28261810486e-11	-3.07716285178e-11
2.31828401275e-11	-6.26693107131e-11
2.35394992063e-11	-9.07176989778e-11
2.38961582852e-11	-9.05117283206e-11
2.42528173641e-11	-6.88232244632e-11
2.4609476443e-11	-3.68995550261e-11
2.49661355219e-11	-2.2218461012e-11
