% time-domain current integration by openEMS v0.0.35-108-gc651cce @Thu May  8 13:48:11 2025
% start-coordinates: (-2.998e-05,-5.22762e-05,0.00015527) m -> [85,45,39]
% stop-coordinates: (-2.998e-05,-3.34025e-05,0.00015624) m -> [85,97,42]
% t/s	current
2.56220602647e-16	-0
3.56915299487e-13	1.68416799604e-12
7.13574378371e-13	2.62530340349e-12
1.07023345725e-12	-1.34732771814e-11
1.42689253614e-12	-4.02007732658e-11
1.78355161502e-12	-9.46100975341e-11
2.14021069391e-12	-1.7541461339e-10
2.49686977279e-12	-2.61686283753e-10
2.85352885167e-12	-2.92496998844e-10
3.21018793056e-12	-1.6000081815e-10
3.56684700944e-12	2.69534533581e-10
3.92350608833e-12	1.09329145737e-09
4.28016516721e-12	2.27387308982e-09
4.63682424609e-12	3.53391493846e-09
4.99348332498e-12	4.3294350327e-09
5.35014240386e-12	3.96923027779e-09
5.70680148275e-12	1.89998594635e-09
6.06346056163e-12	-1.93017513084e-09
6.42011964052e-12	-6.80619027804e-09
6.7767787194e-12	-1.12929878782e-08
7.13343779828e-12	-1.36783562255e-08
7.49009687717e-12	-1.26818466839e-08
7.84675595605e-12	-8.11189160288e-09
8.20341503494e-12	-1.10831066547e-09
8.56007411382e-12	6.22394225047e-09
8.9167331927e-12	1.16423759522e-08
9.27339227159e-12	1.366766611e-08
9.63005135047e-12	1.21159908772e-08
9.98671042936e-12	8.03013566752e-09
1.03433695082e-11	3.0988169808e-09
1.07000285871e-11	-1.09169651097e-09
1.1056687666e-11	-3.60859742088e-09
1.14133467449e-11	-4.32782965021e-09
1.17700058238e-11	-3.72564068485e-09
1.21266649027e-11	-2.50494580634e-09
1.24833239815e-11	-1.26921584354e-09
1.28399830604e-11	-3.5930128317e-10
1.31966421393e-11	1.41754830096e-10
1.35533012182e-11	3.1425728686e-10
1.39099602971e-11	2.93302632182e-10
1.4266619376e-11	1.97819108316e-10
1.46232784548e-11	1.01705276145e-10
1.49799375337e-11	3.67431848836e-11
1.53365966126e-11	5.96623792037e-12
1.56932556915e-11	-1.5915524107e-12
1.60499147704e-11	5.81853142056e-13
1.64065738493e-11	3.01785506307e-12
1.67632329282e-11	4.76216028417e-12
1.7119892007e-11	9.04833933474e-13
1.74765510859e-11	-1.7802716766e-12
1.78332101648e-11	-1.21387058391e-12
1.81898692437e-11	1.64064855451e-12
1.85465283226e-11	4.20487516334e-12
1.89031874015e-11	4.71082070921e-12
1.92598464803e-11	3.25333163187e-12
1.96165055592e-11	1.11693835604e-12
1.99731646381e-11	-8.43773835524e-14
2.0329823717e-11	1.97084536191e-13
2.06864827959e-11	1.31235018512e-12
2.10431418748e-11	2.40240032728e-12
2.13998009536e-11	2.51583194381e-12
2.17564600325e-11	1.81575349374e-12
2.21131191114e-11	7.33079178958e-13
2.24697781903e-11	2.18752750289e-13
2.28264372692e-11	3.57506775919e-13
2.31830963481e-11	8.93510309144e-13
2.35397554269e-11	1.42168048167e-12
2.38964145058e-11	1.4667503323e-12
2.42530735847e-11	1.07067263042e-12
2.46097326636e-11	4.95937058781e-13
2.49663917425e-11	1.60274137712e-13
