% time-domain voltage integration by openEMS v0.0.35-108-gc651cce @Thu May  8 13:48:11 2025
% start-coordinates: (-5.5325e-05,-4.26894e-05,0.00015727) m -> [27,71,46]
% stop-coordinates: (-5.5325e-05,-4.26894e-05,0.00016498) m -> [27,71,74]
% t/s	voltage
0	-0
3.56659078884e-13	4.24185403599e-11
7.13318157768e-13	-1.93742098319e-10
1.06997723665e-12	-3.6224900358e-11
1.42663631554e-12	2.48155824015e-10
1.78329539442e-12	8.62163880219e-10
2.1399544733e-12	2.1067288955e-09
2.49661355219e-12	4.02333090455e-09
2.85327263107e-12	6.20514822858e-09
3.20993170996e-12	7.19987142128e-09
3.56659078884e-12	4.4649467873e-09
3.92324986772e-12	-5.36780192517e-09
4.27990894661e-12	-2.48849464368e-08
4.63656802549e-12	-5.34512426542e-08
4.99322710438e-12	-8.45348877565e-08
5.34988618326e-12	-1.04689972691e-07
5.70654526214e-12	-9.6413562467e-08
6.06320434103e-12	-4.52531044859e-08
6.41986341991e-12	5.05998990485e-08
6.7765224988e-12	1.73175007667e-07
7.13318157768e-12	2.85442271597e-07
7.48984065656e-12	3.4269876803e-07
7.84649973545e-12	3.11467263536e-07
8.20315881433e-12	1.87223143655e-07
8.55981789322e-12	1.16903328337e-09
8.9164769721e-12	-1.89577979981e-07
9.27313605098e-12	-3.24767500004e-07
9.62979512987e-12	-3.65846638317e-07
9.98645420875e-12	-3.10490796629e-07
1.03431132876e-11	-1.90083276674e-07
1.06997723665e-11	-5.2807084816e-08
1.10564314454e-11	5.77546066527e-08
1.14130905243e-11	1.17919628728e-07
1.17697496032e-11	1.2739239974e-07
1.21264086821e-11	1.02231312527e-07
1.24830677609e-11	6.34994477e-08
1.28397268398e-11	2.78971939993e-08
1.31963859187e-11	3.696507829e-09
1.35530449976e-11	-8.27498189415e-09
1.39097040765e-11	-1.13049385686e-08
1.42663631554e-11	-9.52771764262e-09
1.46230222342e-11	-6.13683540096e-09
1.49796813131e-11	-2.97708740299e-09
1.5336340392e-11	-8.04407068733e-10
1.56929994709e-11	2.58978449796e-10
1.60496585498e-11	4.71201223873e-10
1.64063176287e-11	2.49296552152e-10
1.67629767075e-11	1.65549171594e-12
1.71196357864e-11	-1.46511737204e-10
1.74762948653e-11	1.53433335373e-11
1.78329539442e-11	2.23924816623e-10
1.81896130231e-11	3.02517573492e-10
1.8546272102e-11	2.12857305566e-10
1.89029311809e-11	3.53563391672e-11
1.92595902597e-11	-9.3140041903e-11
1.96162493386e-11	-1.07176347224e-10
1.99729084175e-11	-2.06914990242e-11
2.03295674964e-11	7.86771312163e-11
2.06862265753e-11	1.16217045102e-10
2.10428856542e-11	7.52065911717e-11
2.1399544733e-11	-6.08221732392e-12
2.17562038119e-11	-6.25106713354e-11
2.21128628908e-11	-6.09261210276e-11
2.24695219697e-11	-1.00008037604e-11
2.28261810486e-11	4.83649898559e-11
2.31828401275e-11	6.8928372992e-11
2.35394992063e-11	4.48601052139e-11
2.38961582852e-11	5.20358716782e-12
2.42528173641e-11	-2.0038634814e-11
2.4609476443e-11	-1.50822876866e-11
2.49661355219e-11	1.26658350962e-11
